91 1
99 40
34 56
21 80
13 23
75 15
52 54
24 13
35 60
53 3
14 47
58 100
33 30
48 8
10 12
29 38
73 76
56 74
5 75
68 51
27 16
74 69
73 66
27 87
28 40
84 18
15 38
34 75
58 63
36 34
1 28
85 88
33 78
33 73
96 89
91 24
44 77
95 29
22 16
5 98
26 91
80 59
13 99
25 52
23 90
85 43
98 40
63 84
64 72
24 3
81 74
26 18
80 11
68 27
7 81
87 73
55 39
42 18
15 20
21 28
47 87
53 67
61 58
33 17
68 42
26 85
26 91
94 48
51 49
67 31
83 65
34 86
24 60
16 68
96 66
92 37
38 99
8 75
76 81
78 37
86 12
18 75
17 23
75 11
79 87
36 7
27 56
65 81
42 25
78 29
75 21
16 30
95680
