1000 5
2 61
4 34
1 51
1 1
5 18
3 1
1 51
5 78
4 82
5 98
4 26
5 81
5 42
3 30
4 81
3 85
5 62
3 55
2 81
5 53
5 27
1 28
2 61
2 57
3 90
3 39
2 37
5 24
1 93
3 12
2 73
1 99
1 52
1 43
4 66
3 32
4 68
3 39
2 19
4 49
4 76
1 52
3 15
1 55
3 86
5 77
4 4
3 4
3 67
4 3
2 7
2 34
1 72
5 61
3 23
4 46
5 8
4 73
5 48
2 89
3 7
4 96
1 14
3 59
3 13
2 46
5 2
4 13
4 6
1 63
1 55
1 57
2 59
1 33
4 22
2 67
4 42
1 75
3 96
5 60
3 62
3 95
5 87
1 14
2 62
3 90
4 44
5 7
4 10
4 100
4 91
2 39
2 83
5 55
4 72
3 90
4 3
2 58
1 47
4 88
3 8
3 20
3 86
5 80
4 8
5 62
4 41
2 24
1 19
3 81
2 46
4 67
2 93
4 14
5 27
2 47
1 48
2 58
2 96
5 28
5 69
2 3
4 57
2 1
5 89
4 74
1 54
3 88
5 24
4 100
3 83
1 21
3 89
5 15
2 71
2 40
1 40
1 90
1 88
3 46
1 7
5 60
5 89
3 40
3 11
2 43
2 82
2 47
5 97
2 58
5 67
1 85
5 50
4 25
5 9
5 25
2 36
1 31
3 51
2 2
4 99
4 47
5 56
2 69
1 51
4 99
3 48
5 75
2 66
1 91
5 14
5 83
3 42
3 13
5 79
5 8
4 62
5 51
2 37
5 73
3 95
1 66
4 20
4 94
3 22
3 82
2 3
4 30
3 65
3 37
5 5
3 95
2 100
1 27
2 95
1 42
1 79
2 75
2 44
4 2
4 42
1 35
1 89
2 38
1 2
1 27
3 7
1 18
4 7
4 40
2 5
3 15
4 50
5 24
3 53
4 21
4 11
3 40
4 41
4 50
1 40
5 44
2 83
2 26
2 40
1 76
3 26
5 32
4 51
2 34
5 41
1 83
5 58
5 22
3 91
1 9
3 25
1 1
1 41
2 44
3 8
5 78
4 22
2 64
1 17
1 19
1 67
5 32
5 51
5 11
5 8
5 31
3 77
3 85
3 62
1 78
5 19
1 85
4 53
3 91
5 52
2 62
4 2
3 29
2 40
1 47
4 20
5 32
2 85
2 43
5 58
5 85
4 84
3 10
4 91
1 34
3 12
3 42
1 17
5 38
3 71
5 88
3 42
2 72
2 24
5 62
1 25
1 89
5 40
5 63
3 94
1 97
3 33
5 73
4 7
2 35
5 66
4 97
3 68
5 56
2 86
5 57
4 66
3 36
5 61
3 90
5 71
4 36
4 48
4 71
3 75
2 66
3 82
4 66
5 62
3 8
2 56
2 45
2 28
5 57
4 41
1 53
3 19
3 27
5 55
5 59
1 96
1 64
2 16
1 19
5 81
3 56
2 78
5 26
2 9
5 89
3 29
4 68
4 3
5 42
4 15
3 49
5 9
5 32
4 54
5 31
2 33
3 62
2 31
5 67
5 7
3 88
5 63
4 9
1 92
1 1
2 10
1 69
4 56
3 30
2 29
4 65
3 65
5 93
2 21
2 57
3 39
5 100
4 59
1 11
2 69
3 8
1 6
1 85
5 50
1 18
3 21
4 67
5 6
3 61
4 54
1 11
3 35
1 14
4 54
3 95
4 43
1 46
2 15
4 86
1 94
3 78
3 97
4 64
2 15
5 36
1 9
2 75
1 51
3 80
4 26
3 18
3 41
2 78
3 32
3 16
1 35
5 67
1 87
2 42
4 95
1 14
5 40
5 1
2 11
2 17
3 49
5 41
3 37
1 76
1 29
5 57
3 66
5 83
4 51
4 45
3 68
4 10
2 30
4 15
5 31
1 14
1 98
4 68
3 24
1 10
4 66
5 23
1 48
2 71
1 36
1 44
4 70
5 83
5 79
5 76
2 29
4 23
5 71
5 99
1 1
4 48
4 78
1 47
4 35
4 53
1 31
4 94
2 92
4 62
1 37
5 24
5 58
3 70
3 9
1 47
4 60
3 86
4 94
4 5
5 15
1 82
1 42
4 95
4 63
1 18
1 59
5 97
3 45
4 58
5 78
5 23
2 97
1 32
1 72
2 74
5 4
4 47
5 39
4 66
1 57
2 44
3 57
2 56
1 84
3 38
3 90
1 62
1 68
3 31
3 68
1 98
2 9
2 100
3 87
3 100
3 73
2 94
2 6
5 85
4 52
3 24
4 25
5 41
5 7
5 31
3 93
1 86
3 18
5 14
5 61
2 27
3 77
1 41
3 98
1 90
4 13
4 47
2 13
3 39
1 19
2 60
5 76
2 91
3 94
1 26
1 87
4 22
5 90
2 84
3 54
2 31
2 68
2 24
5 2
5 51
3 22
1 91
4 91
2 85
4 2
3 72
3 94
5 55
3 57
3 81
4 25
3 85
5 40
5 36
5 50
5 12
1 75
4 58
4 43
4 19
3 21
1 75
4 95
2 78
5 67
5 78
4 89
5 20
1 63
3 20
1 13
3 2
2 8
3 51
4 87
4 46
2 40
1 23
1 57
5 73
1 83
3 88
2 50
1 56
4 92
3 17
1 85
1 62
4 70
3 57
1 20
2 60
5 26
4 51
2 19
2 33
2 70
5 10
4 76
1 41
3 85
1 14
2 7
1 57
1 64
5 80
4 20
2 4
4 43
4 86
1 99
1 66
4 68
5 28
4 58
3 64
2 67
2 27
5 29
4 90
4 54
3 71
4 4
2 20
1 19
5 4
3 30
1 80
5 60
3 33
2 49
4 52
5 28
1 79
1 22
4 99
1 40
1 19
3 45
4 96
3 48
2 45
2 59
2 46
1 29
3 22
5 27
1 31
3 35
5 68
2 58
3 30
3 95
4 88
2 44
4 74
3 92
1 24
5 30
5 7
1 40
5 29
4 26
3 37
4 60
3 1
4 4
2 72
1 23
2 56
4 41
4 33
4 82
4 57
5 62
4 26
5 56
1 48
5 29
4 94
4 56
1 93
5 12
3 23
1 46
1 87
2 7
4 74
4 12
3 13
5 32
4 40
1 39
4 68
5 95
2 98
1 9
5 55
3 84
3 88
1 11
3 90
2 21
4 93
5 33
3 96
2 9
1 14
2 79
1 94
1 95
5 34
4 14
1 31
4 80
1 18
5 64
2 14
5 22
1 67
3 36
4 37
3 27
1 4
3 99
1 5
3 34
2 78
2 66
5 94
4 55
2 16
1 8
2 59
3 30
5 65
1 63
5 90
4 98
4 55
2 9
2 37
2 84
1 71
4 60
5 29
4 37
1 16
1 64
1 17
1 15
4 7
5 74
5 51
3 8
1 98
4 17
5 92
4 12
5 33
1 75
2 60
4 72
5 23
1 22
3 83
4 61
1 13
5 45
1 71
2 79
4 49
4 26
3 4
1 97
3 18
3 82
4 11
4 10
1 57
1 98
3 95
5 68
3 12
5 47
2 71
4 18
4 66
5 87
2 77
3 98
4 54
2 94
2 42
1 12
5 72
2 94
5 89
3 43
4 81
4 53
5 88
3 1
5 5
1 77
3 70
1 88
3 66
2 35
1 22
2 49
1 22
1 45
4 1
3 14
5 64
5 97
3 92
2 8
1 71
5 59
3 99
2 45
4 89
4 65
5 3
3 87
4 66
5 90
3 85
5 24
3 62
3 19
2 5
1 14
4 28
1 39
4 55
3 65
1 23
4 29
1 11
3 18
3 33
4 57
4 12
4 47
3 8
2 42
5 96
1 43
5 7
4 17
4 48
1 43
3 99
2 82
4 54
3 73
3 95
4 10
5 94
1 50
2 71
5 8
5 71
5 77
1 17
3 75
4 94
5 43
3 82
5 31
3 47
4 45
3 16
5 96
3 28
3 75
5 36
3 68
4 42
3 22
4 40
5 5
1 5
2 100
3 63
5 98
3 22
3 86
1 76
1 9
5 28
4 28
4 27
3 39
5 22
3 90
3 11
5 76
3 69
5 92
5 31
4 67
1 77
2 81
1 96
1 18
1 48
3 18
1 28
2 85
2 16
1 10
2 91
5 19
3 92
2 83
4 85
3 23
2 25
2 70
1 35
1 45
1 82
1 10
2 55
3 18
2 22
3 21
1 45
2 40
1 58
3 19
4 52
2 20
3 46
1 2
4 6
1 42
5 80
4 75
4 39
2 85
1 25
1 61
1 62
2 97
5 25
2 3
3 92
1 31
3 42
3 14
5 93
4 15
3 68
4 65
4 31
3 38
5 24
3 44
4 86
3 62
3 61
3 66
4 100
4 53
1 41
5 56
2 20
3 62
1 93
1 88
4 80
1 50
4 47
1 90
4 39
5 19
3 46
2 56
2 44
5 99
3 94
2 9
4 10
1 31
4 65
4 13
2 50
3 35
1 97
922682986 898399868 973775384 86572440 955919268
