1000 5
2 4
2 54
5 28
2 19
4 16
3 47
2 57
2 50
2 4
3 37
4 34
4 73
1 52
5 89
1 54
2 67
4 53
5 17
2 1
1 73
3 22
2 82
5 99
5 22
3 67
5 23
1 63
4 66
1 92
1 37
2 26
4 66
2 66
2 20
1 19
2 1
4 95
3 68
4 19
2 46
2 94
3 47
3 4
3 50
5 70
5 14
3 97
5 43
5 28
1 54
3 62
1 53
2 87
4 95
2 61
1 72
5 63
2 15
4 3
2 3
3 14
2 90
3 31
4 74
1 7
4 62
1 31
4 59
1 14
3 8
4 63
1 5
1 54
2 80
3 40
4 38
3 13
4 30
3 80
1 75
3 51
5 96
5 96
3 80
2 43
2 57
3 86
4 24
1 32
5 96
2 94
3 88
3 5
4 44
3 81
5 87
3 97
5 76
3 20
5 20
1 96
2 64
3 47
2 41
3 17
2 31
5 45
5 98
2 51
2 58
4 39
4 87
3 94
5 65
1 61
3 38
5 94
1 94
1 52
5 10
1 89
5 72
4 75
2 80
2 36
2 7
1 73
5 64
1 98
1 48
1 5
2 7
4 45
5 83
5 40
2 57
4 41
2 36
2 5
4 28
1 70
5 55
3 57
5 61
2 9
1 86
1 8
2 97
2 3
5 62
1 58
2 84
5 55
2 53
3 12
1 28
5 1
3 2
5 67
1 83
4 40
3 28
1 94
4 91
4 66
4 22
1 60
3 80
2 31
5 15
4 28
4 23
2 68
2 62
1 33
2 46
3 12
4 23
1 21
1 80
2 72
3 91
5 98
3 43
2 6
4 10
2 26
4 52
1 2
3 6
3 24
1 46
4 30
3 61
3 82
5 16
4 56
3 54
2 52
1 6
1 19
3 99
4 19
3 84
3 69
5 82
4 7
1 4
2 25
3 94
5 45
5 28
5 40
3 76
3 48
5 96
3 32
4 5
5 60
5 87
1 31
2 36
5 93
3 74
3 65
2 91
2 24
2 29
1 86
5 84
1 52
1 28
3 6
4 37
5 75
1 35
5 68
2 39
1 52
3 84
3 54
5 17
1 13
2 97
4 24
3 50
2 48
5 98
4 59
2 39
4 28
5 51
1 77
3 55
3 81
5 51
5 31
4 87
3 6
2 58
5 15
1 96
1 20
1 63
5 20
3 51
2 91
2 87
5 12
4 62
4 96
4 67
5 16
2 45
2 83
1 63
4 79
1 3
3 33
3 90
5 56
1 55
4 43
1 4
2 91
4 10
5 17
4 51
3 54
5 43
2 2
5 47
1 40
5 83
5 82
2 7
4 14
5 23
3 54
2 70
4 81
1 8
2 22
5 4
1 80
2 40
3 35
4 38
5 38
1 5
2 4
1 78
5 99
4 17
2 95
5 88
3 65
3 56
2 40
3 50
3 93
4 47
4 77
3 53
3 36
5 56
2 39
2 3
3 78
5 39
2 24
2 25
4 14
1 80
2 18
4 67
4 11
1 63
3 19
4 30
3 58
3 6
1 80
4 46
4 81
3 30
5 21
1 59
2 68
1 91
5 30
2 44
3 4
2 29
1 83
3 79
3 6
3 74
4 48
3 2
4 29
4 42
5 7
1 95
2 53
5 39
1 21
1 93
3 78
3 48
3 18
1 9
2 54
4 51
2 38
3 14
4 30
2 34
4 29
5 32
3 60
3 85
2 24
2 33
1 93
3 64
3 27
5 72
4 90
1 98
4 85
5 46
3 35
3 66
4 80
1 29
3 63
1 42
5 36
5 14
2 75
2 68
4 72
3 67
5 8
1 16
5 31
2 45
4 81
1 52
2 90
4 69
2 70
3 11
5 24
3 56
4 96
5 47
3 68
5 27
3 62
2 71
1 65
4 76
2 95
1 88
2 76
1 45
2 92
3 76
2 68
3 28
5 39
2 85
3 44
2 51
1 30
5 72
3 37
3 56
3 89
3 31
2 97
1 65
5 46
3 25
2 98
3 59
3 28
4 23
1 23
1 54
3 15
2 60
5 52
3 52
1 92
2 96
2 57
4 92
1 6
2 94
5 52
2 82
3 54
4 30
4 21
5 36
4 40
5 84
4 83
2 44
5 29
5 43
3 65
1 69
2 94
5 22
2 13
1 48
1 23
3 43
1 49
4 36
1 30
5 76
4 84
1 37
4 93
4 7
4 50
3 4
1 81
4 17
3 33
5 9
4 34
3 94
4 54
3 92
3 61
4 52
4 72
3 71
4 94
3 99
3 42
3 27
2 67
1 55
4 60
3 75
1 70
2 15
4 22
3 41
1 59
4 88
4 83
1 35
4 38
5 50
1 63
5 12
2 58
1 56
5 42
5 17
1 77
3 94
2 72
1 31
3 81
2 95
5 22
1 4
3 7
4 44
3 33
1 15
5 4
5 28
1 11
1 2
3 61
3 69
3 99
4 85
3 85
4 99
2 60
2 89
5 55
5 43
3 44
2 15
3 56
3 12
2 73
4 63
2 36
1 23
4 40
2 60
2 4
5 55
1 77
3 53
4 69
4 60
3 83
1 51
5 77
5 49
3 78
1 9
3 13
2 100
5 11
5 35
1 23
3 49
2 87
3 58
3 91
3 65
4 59
2 71
1 8
3 95
1 1
2 61
4 64
1 82
4 65
4 70
5 25
3 83
5 6
4 41
2 62
5 70
5 18
5 76
3 88
5 83
1 24
1 81
4 14
2 86
1 69
1 99
5 40
5 79
1 74
2 46
2 30
3 49
1 47
5 32
2 49
5 24
3 68
1 94
2 87
5 54
4 48
1 36
5 15
5 58
3 71
4 68
1 69
2 49
3 7
3 37
2 60
1 40
5 59
3 78
3 31
2 60
5 26
2 62
2 80
1 82
2 66
2 17
2 72
5 4
3 73
3 58
1 70
5 83
2 44
5 41
5 65
4 36
4 64
5 58
1 85
2 68
5 7
3 100
5 6
2 7
5 5
1 24
4 12
5 86
5 75
1 53
2 85
1 9
4 22
5 65
5 59
4 53
1 97
2 90
1 91
3 35
2 50
4 87
1 72
3 8
5 24
3 48
2 31
5 29
1 92
1 22
4 48
5 98
5 23
5 94
4 45
5 86
4 12
5 15
4 32
3 42
2 37
3 31
5 81
2 5
4 26
1 50
2 96
5 100
4 82
2 61
5 46
2 12
5 94
2 90
3 49
3 34
5 77
2 90
1 81
5 2
1 66
5 91
1 61
2 12
2 29
1 44
3 81
2 58
4 7
4 61
3 22
3 73
4 33
5 88
4 98
5 73
1 9
4 66
2 39
1 35
4 65
5 20
4 26
4 43
5 97
2 51
1 71
1 1
5 43
2 59
1 57
1 22
5 30
3 78
5 15
2 66
3 91
4 26
5 56
3 1
3 77
1 99
2 60
2 37
5 65
3 57
5 72
5 65
5 7
2 47
4 39
3 28
5 29
3 3
2 7
5 72
1 28
5 52
2 22
4 2
4 11
1 18
3 97
5 29
5 25
5 95
4 37
2 76
5 2
4 53
2 61
1 2
5 27
3 12
2 85
4 47
1 35
3 15
1 90
5 73
5 20
4 57
3 13
3 36
2 47
5 20
1 80
3 33
5 87
3 50
3 70
5 61
1 16
2 80
5 90
3 40
3 84
4 54
3 51
1 86
1 29
5 88
2 64
5 62
4 48
3 94
1 13
1 42
3 3
2 3
5 9
3 41
1 23
1 13
4 52
3 90
4 3
1 7
4 65
5 1
4 53
5 52
1 49
2 80
2 93
5 27
5 12
1 56
1 56
3 63
3 42
2 21
5 15
5 40
4 21
2 9
2 93
3 67
3 17
4 78
2 7
1 5
2 15
4 40
2 15
1 68
2 74
4 36
2 16
2 8
5 79
1 47
5 81
5 7
2 37
1 87
1 1
1 46
2 2
2 27
2 97
3 58
2 68
4 80
5 51
4 21
5 21
4 89
2 72
5 4
2 3
3 54
5 16
4 18
3 2
5 19
4 53
5 1
4 17
5 87
2 68
1 37
4 21
5 38
5 43
1 40
4 37
3 75
5 80
2 18
1 93
3 83
5 5
3 29
1 5
4 47
3 3
2 69
5 50
4 79
1 73
5 67
1 64
2 65
2 49
4 25
5 4
4 30
4 14
4 41
1 41
5 55
5 98
3 62
3 84
2 61
5 39
4 73
1 18
4 45
3 33
3 5
4 25
5 99
2 92
5 19
2 42
5 11
3 80
2 89
2 25
5 67
2 41
5 3
5 54
3 13
1 47
1 54
5 55
4 49
4 35
5 69
1 88
4 24
5 47
1 86
2 56
3 25
5 82
3 73
3 4
1 8
3 36
3 77
4 90
3 74
2 69
4 94
2 31
5 22
3 38
4 23
2 61
2 34
2 70
1 29
2 79
1 63
1 48
5 61
2 56
2 30
4 52
5 4
4 26
5 4
2 44
1 52
15073841 971341826 600995071 33822955 60590069
