1000 5
5 44
4 26
1 25
1 79
2 89
5 91
2 51
3 47
4 21
5 68
3 32
3 18
4 63
4 60
1 50
2 35
2 16
3 16
4 3
2 31
3 68
4 61
3 92
3 97
3 62
2 86
2 21
5 30
5 45
2 99
3 11
4 41
1 31
2 51
1 96
5 99
1 14
2 33
4 25
5 3
2 13
5 76
4 85
4 66
2 18
4 65
2 97
5 46
3 8
5 18
4 60
4 9
5 82
4 28
1 30
1 20
2 2
2 61
3 88
4 42
2 79
3 16
5 79
4 33
1 38
5 71
2 35
1 30
1 23
3 47
2 78
4 52
5 15
1 4
5 60
3 62
5 63
4 40
1 90
4 29
5 93
4 16
3 57
3 23
1 7
4 39
1 62
2 83
5 44
3 88
1 36
5 90
1 13
3 16
4 65
2 89
1 87
3 69
5 1
1 14
2 3
4 26
3 24
5 43
2 14
4 88
1 76
5 3
3 28
1 97
5 23
3 23
3 98
1 84
4 5
5 71
4 14
4 21
3 49
3 9
1 37
5 92
3 87
1 49
4 23
2 27
5 60
4 38
1 27
3 36
1 5
4 67
3 11
3 7
1 94
4 81
2 36
4 39
2 5
1 29
4 60
3 98
1 17
1 55
1 11
3 77
1 41
4 42
4 76
5 6
5 45
4 62
1 13
3 62
2 61
2 52
1 46
1 55
1 41
4 42
2 90
1 37
5 67
1 25
3 3
5 87
5 34
4 78
2 81
2 18
3 4
4 56
1 48
3 53
3 91
1 21
3 89
3 87
1 62
4 28
2 68
3 95
3 64
3 41
2 33
3 18
5 50
3 42
5 83
4 49
5 27
3 1
2 42
2 28
4 61
5 91
4 50
1 91
5 72
4 95
4 77
2 75
1 14
3 17
5 6
4 12
2 3
5 90
3 33
4 95
2 30
3 21
2 12
5 57
3 97
4 11
4 52
5 9
4 56
2 51
2 62
5 73
2 89
2 87
5 85
4 48
3 75
2 79
4 18
5 82
4 48
5 75
5 18
4 3
1 75
3 80
2 27
2 63
5 80
2 18
5 64
1 65
5 75
5 11
3 57
2 44
1 76
2 64
3 68
3 8
1 34
3 4
3 21
2 23
4 52
2 60
4 76
2 31
1 78
2 8
1 2
4 85
1 93
3 43
5 37
2 29
3 18
1 66
5 39
1 82
1 45
2 64
4 64
1 58
2 52
4 5
1 75
2 43
5 61
5 14
1 34
5 72
3 8
1 36
2 58
5 75
5 1
2 98
5 90
3 73
2 62
1 83
2 60
3 29
2 95
4 79
3 14
4 23
5 96
3 49
4 13
5 5
1 18
5 100
3 38
4 83
3 86
3 44
4 44
5 13
3 16
2 48
5 100
1 7
4 57
1 80
5 28
1 16
1 45
2 95
4 27
4 2
2 42
1 53
2 92
2 36
1 47
5 40
4 43
5 14
5 77
4 56
3 21
3 6
1 64
1 29
4 65
5 21
3 66
2 93
1 15
4 58
5 9
5 90
2 37
3 98
4 100
1 48
3 54
3 51
5 28
5 65
2 76
3 6
5 45
1 7
1 26
4 64
1 50
4 50
2 61
2 99
1 56
5 61
2 5
2 64
4 88
2 58
4 66
2 42
3 11
3 21
1 13
3 73
5 28
2 36
2 81
4 60
2 10
3 10
4 85
5 94
4 74
5 53
1 16
3 59
5 99
2 20
1 58
5 9
3 41
3 10
2 59
1 89
3 38
4 16
4 44
3 84
3 1
2 62
4 80
4 83
5 27
4 94
4 81
1 54
2 98
1 68
4 63
1 72
1 97
3 34
5 23
4 15
4 54
2 77
3 56
5 1
4 71
2 80
4 90
2 22
5 10
2 77
4 63
3 38
1 63
1 57
5 37
5 22
5 78
1 1
2 79
1 76
1 42
1 66
4 28
2 68
1 46
3 13
5 41
3 12
5 22
2 24
3 16
1 15
5 82
5 78
5 65
1 84
1 91
5 7
3 71
5 49
3 53
3 74
2 17
4 80
2 93
2 38
5 82
5 71
2 67
3 60
2 69
4 19
3 80
5 19
1 71
5 16
2 77
5 83
4 57
3 62
5 34
4 16
5 100
5 29
3 29
1 57
1 44
4 31
1 4
3 78
2 54
5 66
2 42
2 50
3 12
3 68
2 54
3 59
4 59
2 47
1 49
3 90
2 53
5 32
3 87
4 92
4 44
4 7
3 81
1 67
5 42
1 76
5 53
5 66
5 81
3 40
2 84
1 90
2 90
4 77
2 75
1 80
3 81
3 39
4 19
2 83
5 25
1 92
2 74
2 2
1 41
4 20
3 84
4 61
3 93
2 95
4 47
2 10
1 3
5 63
1 61
3 78
1 79
4 35
5 69
1 75
1 91
2 27
4 34
4 52
2 77
5 69
5 13
1 54
2 77
3 27
3 97
2 79
5 21
2 70
4 82
3 54
3 75
3 86
4 92
3 61
1 47
3 92
4 4
3 45
4 30
5 26
2 26
4 20
1 37
2 63
3 71
5 85
2 59
5 47
5 97
1 65
2 88
5 68
5 12
5 60
1 37
1 13
4 82
1 15
2 13
4 62
2 24
3 70
1 64
4 84
1 63
1 21
3 74
5 22
2 83
1 33
4 23
3 79
3 99
2 14
2 76
3 67
3 33
2 48
3 41
1 92
2 76
1 10
3 75
2 14
2 16
2 7
2 59
2 96
2 1
5 58
5 54
4 25
3 24
1 76
2 47
3 34
1 6
5 66
4 69
3 90
4 4
4 94
2 91
2 84
3 33
4 74
2 18
3 53
4 74
3 7
1 67
3 45
5 5
1 21
2 97
2 24
4 26
1 41
5 37
2 25
4 47
5 12
1 29
1 16
4 10
1 8
4 38
5 44
1 21
3 19
4 65
5 54
5 30
1 92
5 94
1 83
1 5
5 64
2 72
1 3
2 13
4 34
1 74
3 30
2 58
3 73
3 1
4 72
1 43
5 94
4 40
4 40
5 80
4 61
5 80
4 61
1 94
2 21
1 18
1 89
1 31
2 31
2 73
3 74
1 2
3 31
3 54
1 44
5 60
5 64
3 21
3 43
5 77
3 63
5 38
2 49
4 87
5 6
3 44
5 79
2 45
5 42
5 84
5 35
2 5
2 34
5 60
4 96
5 40
1 88
5 10
5 34
4 85
1 75
4 83
4 68
5 25
2 25
3 67
1 18
4 98
5 80
2 31
5 36
3 5
4 57
2 4
2 59
4 50
2 83
5 16
3 37
3 89
5 19
3 99
1 46
2 66
4 15
1 98
5 30
2 94
4 38
4 45
5 81
2 86
1 74
2 7
1 93
5 96
3 97
1 46
1 32
1 38
1 13
5 88
5 72
2 32
3 79
3 40
1 37
4 65
4 76
2 12
4 51
5 28
3 46
2 26
2 77
1 3
2 54
5 100
2 98
1 14
5 17
3 50
3 46
2 11
2 89
3 53
4 28
1 53
4 84
2 60
1 63
3 18
5 65
1 76
2 39
5 40
2 92
3 45
4 52
3 5
4 16
1 92
1 82
1 74
2 11
2 51
3 19
2 2
4 46
3 42
5 62
4 9
2 74
2 87
3 51
1 67
4 87
5 40
1 12
4 52
1 99
1 9
4 76
4 74
2 83
2 97
1 99
2 1
5 88
2 19
5 52
3 26
3 82
3 52
3 43
3 38
2 23
4 14
2 14
4 92
4 11
3 86
5 32
4 73
2 9
1 4
5 58
2 18
1 23
5 92
2 48
1 17
5 99
4 19
2 75
1 7
3 37
1 53
4 31
2 15
5 23
4 34
5 85
1 80
2 64
2 76
1 19
5 76
5 44
4 80
5 62
3 97
3 48
2 47
2 97
1 36
1 3
1 40
3 30
4 3
4 92
4 4
2 6
4 79
1 61
2 12
1 91
1 82
3 3
5 8
5 25
3 19
4 36
5 68
1 18
5 55
5 100
1 19
4 9
4 18
2 57
1 45
1 62
2 17
5 80
3 30
1 76
2 2
2 10
2 16
2 39
2 72
5 88
1 46
3 90
2 63
5 81
3 96
5 83
4 37
4 54
2 12
4 37
1 42
1 87
2 76
2 10
2 69
5 34
4 81
2 32
4 21
4 67
3 79
2 98
4 31
1 55
1 2
1 83
5 97
2 4
4 11
2 17
4 5
5 75
4 31
5 86
3 9
2 14
1 15
1 32
3 5
4 20
4 2
1 41
5 73
3 25
4 41
4 40
1 10
4 2
4 72
2 1
5 5
2 71
3 70
4 9
2 48
5 45
2 88
3 30
2 83
3 40
5 32
3 17
5 72
2 36
1 71
5 99
5 25
1 64
5 50
2 98
5 43
2 51
5 11
2 92
1 15
3 11
1 68
4 71
2 25
2 74
5 56
4 34
5 43
2 36
3 19
4 19
3 77
4 38
438329936 109841531 599003954 298355496 628692658
