1000 5
1 16
5 86
2 66
1 82
2 9
5 60
5 77
1 87
1 27
4 96
4 36
2 100
3 47
5 81
3 70
3 95
2 39
4 37
4 72
5 47
2 12
4 14
5 68
2 71
5 80
2 51
1 54
2 96
4 81
5 26
1 79
1 65
5 9
2 51
2 71
1 7
4 76
2 50
5 46
2 59
4 95
5 72
3 98
5 45
1 40
2 64
2 88
3 19
3 22
5 94
1 14
4 17
1 23
2 64
3 90
3 100
4 1
3 56
3 41
4 89
1 49
1 36
4 48
3 17
3 98
4 32
1 86
4 35
1 22
2 65
4 98
2 40
3 10
1 45
1 47
3 34
5 72
1 57
4 71
4 82
1 5
3 41
3 62
5 96
3 78
3 20
4 79
2 86
2 47
2 89
3 97
2 34
3 7
1 67
1 3
3 92
1 82
3 51
3 86
2 68
4 83
4 4
5 94
5 37
1 25
1 76
5 81
3 4
5 88
5 37
1 43
1 12
4 65
2 37
2 72
1 39
1 59
5 98
4 65
2 6
4 44
3 58
5 39
4 5
3 92
2 73
3 21
3 35
3 20
1 40
4 14
5 64
3 24
3 2
5 40
3 92
3 48
1 8
4 88
2 66
3 81
4 11
1 39
3 79
2 79
4 22
4 25
2 26
4 78
2 4
2 14
2 5
1 13
1 78
5 18
1 97
3 5
4 78
3 22
1 91
1 66
3 30
3 41
5 58
3 46
5 25
5 3
2 90
5 19
2 49
1 79
3 73
2 32
2 26
4 48
3 17
2 37
3 59
5 47
2 39
1 68
1 79
2 96
5 78
1 95
5 76
5 60
1 15
4 46
2 56
2 39
3 19
3 61
4 80
2 78
2 62
1 83
3 93
3 27
5 17
4 75
5 43
1 6
5 94
4 80
3 19
3 64
4 41
5 33
2 22
2 43
3 75
4 15
3 47
4 31
4 68
3 22
3 98
4 50
4 83
3 91
4 85
2 82
2 92
4 27
5 50
3 8
3 90
1 60
5 39
3 78
5 75
3 51
3 32
3 31
5 75
1 84
3 90
1 35
4 63
2 39
4 75
4 43
1 5
4 34
2 35
2 73
1 57
2 58
5 76
5 68
5 69
3 92
5 77
3 94
2 41
3 7
2 66
1 65
1 24
1 33
5 24
3 26
2 48
2 67
4 61
2 59
2 20
1 10
4 9
1 87
5 45
2 15
1 24
2 46
1 82
1 11
2 66
5 67
3 53
3 29
4 75
1 83
5 100
5 62
2 73
1 50
2 61
2 85
1 52
3 85
5 67
1 18
1 90
2 44
2 49
2 47
4 49
5 89
2 48
4 35
1 71
3 59
5 85
4 17
3 33
2 94
4 34
3 92
2 41
3 71
4 99
3 33
3 59
2 52
1 84
2 20
5 89
4 88
2 93
2 52
3 96
5 10
1 27
2 91
5 62
1 82
2 49
5 53
1 52
5 56
4 30
5 59
4 7
4 47
1 23
3 13
5 11
5 66
3 27
2 49
2 61
1 87
3 51
4 69
4 60
4 2
2 46
1 74
5 2
3 30
3 59
1 87
3 25
1 94
2 47
4 53
4 39
5 94
2 47
4 97
3 35
5 82
3 34
1 65
1 88
4 72
4 90
3 71
5 51
3 81
4 15
3 44
5 17
3 46
3 66
5 90
5 27
4 86
3 23
1 86
2 24
3 70
4 33
3 67
4 5
5 78
4 37
5 89
4 43
4 72
4 21
4 89
3 57
2 42
2 61
5 74
5 57
2 65
1 33
2 78
5 62
1 15
4 66
2 31
3 88
5 5
2 36
1 51
3 36
3 79
1 86
4 93
1 40
5 30
3 89
3 32
4 5
4 39
1 26
4 53
3 56
3 31
4 35
1 51
3 49
4 6
4 40
4 62
5 91
1 12
1 64
3 77
1 7
2 24
5 5
5 80
2 78
5 4
3 36
4 30
1 41
3 31
3 41
1 9
2 57
2 50
1 25
4 72
5 27
3 48
4 73
2 17
3 100
1 77
1 83
5 7
2 28
5 79
1 72
5 30
3 86
4 92
3 45
3 26
1 23
4 89
3 85
1 97
3 36
3 93
4 36
2 13
3 40
1 38
1 44
5 27
3 60
1 93
1 46
5 99
4 8
1 30
2 51
3 21
1 10
3 85
1 55
2 98
4 42
1 50
4 14
3 34
2 88
1 21
2 79
2 29
2 10
1 79
4 57
4 85
5 3
4 49
4 94
3 9
5 13
4 28
4 31
4 7
3 2
4 39
3 34
2 43
1 1
5 14
4 90
2 19
2 61
4 72
5 96
2 26
3 86
4 37
5 54
5 93
5 45
3 12
1 47
4 25
5 32
5 70
5 29
2 90
1 39
5 29
2 41
3 51
2 5
3 34
4 87
4 18
2 65
2 54
4 11
1 65
4 84
1 12
1 54
1 66
1 20
3 16
1 29
5 8
3 30
4 86
5 42
1 82
5 74
3 80
3 71
5 50
5 48
2 34
5 37
2 96
3 47
3 27
1 83
1 92
1 32
2 86
3 24
2 36
5 49
3 53
2 75
1 29
2 3
4 79
2 85
5 8
2 77
1 43
3 98
4 14
1 72
4 16
4 16
1 67
3 99
1 55
2 46
4 48
5 49
1 28
5 14
2 69
5 84
1 61
2 82
5 4
3 66
1 58
1 50
5 16
2 25
2 64
4 95
4 64
2 31
1 2
3 36
1 30
1 41
1 49
3 60
5 20
2 19
3 41
1 9
5 31
4 63
3 58
4 26
3 42
3 15
5 27
1 53
5 100
2 43
2 39
5 63
1 26
1 28
3 44
3 21
5 91
1 8
3 62
4 50
3 1
5 34
3 87
4 62
5 62
3 22
1 65
4 10
5 34
4 84
5 37
2 23
3 69
1 25
4 44
3 20
2 71
4 24
2 69
5 13
3 28
3 57
4 79
2 58
5 67
5 31
4 40
4 90
2 46
4 10
1 30
1 11
3 100
1 72
3 99
1 61
4 23
4 72
2 55
2 64
5 26
1 57
2 26
3 40
2 21
2 68
2 20
1 62
1 41
3 97
4 74
2 61
5 3
3 23
2 11
5 31
4 17
4 53
1 40
5 84
2 67
5 8
3 63
4 48
3 12
4 46
4 76
2 7
4 70
1 18
3 6
1 50
2 19
1 59
4 92
1 85
2 17
4 44
2 65
3 12
3 56
3 57
5 72
1 32
5 32
1 47
3 17
4 69
5 66
1 84
3 24
4 31
5 100
4 27
5 57
4 16
5 51
3 45
4 76
2 95
3 25
2 84
5 24
1 85
3 42
4 74
3 63
3 8
5 58
2 75
3 1
1 83
3 16
2 54
5 95
2 60
5 18
4 62
4 58
5 46
3 30
3 68
5 66
2 80
1 10
5 95
4 25
4 49
4 50
5 27
4 66
3 80
1 98
2 98
2 82
4 9
4 38
3 25
2 4
2 60
4 13
5 87
5 85
3 9
4 86
2 70
3 35
4 12
4 60
3 98
4 60
2 26
5 2
1 84
3 18
4 41
5 85
5 96
3 5
2 13
1 84
2 39
2 20
3 85
1 41
5 33
3 37
4 44
5 94
2 91
3 1
5 48
5 82
2 50
3 87
1 34
2 14
5 54
3 21
2 98
5 60
3 10
5 33
4 41
4 52
4 21
5 8
4 75
4 43
2 88
1 44
3 82
1 40
4 26
1 97
4 69
5 75
4 59
1 71
1 6
1 15
1 55
4 46
5 49
3 62
4 58
3 62
3 8
1 67
2 68
5 98
4 37
3 75
2 25
2 90
4 68
4 19
5 93
3 68
3 34
3 42
5 69
5 63
5 79
4 29
4 30
3 62
2 69
1 82
5 4
1 58
5 62
3 85
5 74
1 44
1 23
5 68
3 34
3 55
5 3
1 29
1 67
5 68
3 42
2 35
3 71
2 77
2 36
2 52
4 93
3 75
4 75
4 27
2 75
1 78
2 97
5 46
3 77
2 48
1 9
5 75
5 29
4 94
5 60
3 6
2 34
2 68
4 62
1 31
5 50
5 99
1 94
4 53
1 40
5 1
3 8
1 58
3 43
1 89
3 86
2 51
2 6
4 11
3 49
1 22
3 86
5 53
5 32
4 72
1 77
3 52
5 38
3 20
4 47
3 53
3 9
2 5
2 62
5 17
2 72
2 14
3 15
5 34
2 20
4 21
2 90
2 9
3 89
1 71
1 64
3 42
1 2
3 88
4 13
5 53
5 15
3 55
4 63
1 70
3 61
1 48
1 65
5 81
4 25
3 66
4 73
1 44
1 59
4 11
2 87
1 19
5 48
2 65
5 31
2 30
1 36
4 79
1 8
2 38
3 60
4 43
4 22
1 64
1 22
4 20
4 40
2 89
5 53
1 78
5 38
2 12
1 86
1 27
3 35
5 4
2 82
1 46
1 42
4 100
3 95
983739559 509343636 849244433 831873257 271736655
