1000 5
1 94
3 76
1 28
2 6
4 53
2 97
3 76
1 6
3 6
5 82
1 78
5 39
1 73
4 54
1 30
1 44
2 39
5 100
4 9
1 84
2 34
4 63
4 72
5 52
3 100
1 12
4 1
2 31
5 26
3 53
5 67
2 12
5 7
1 5
4 93
5 57
4 47
5 46
4 21
5 31
2 69
3 48
2 94
2 14
5 72
2 25
4 2
3 10
4 53
2 19
3 51
4 46
5 90
4 32
5 78
3 22
3 85
3 100
2 6
2 95
3 75
3 11
4 54
3 45
4 85
5 21
5 15
5 88
5 100
4 11
1 44
3 8
4 8
2 82
4 66
3 57
3 45
2 44
5 21
4 31
5 20
5 7
5 12
3 80
3 98
2 8
1 34
1 50
2 82
3 47
2 23
5 73
1 42
5 62
4 65
3 96
5 56
3 38
5 56
4 39
5 3
1 10
2 74
2 95
5 22
3 19
1 12
4 92
2 84
5 97
2 50
4 71
4 40
4 71
5 49
2 73
5 98
5 1
4 46
1 50
4 53
3 61
1 63
1 39
4 3
2 29
5 61
5 74
5 75
5 21
3 64
4 35
2 52
3 91
4 30
4 21
4 17
3 29
4 83
1 79
3 42
2 37
4 7
5 58
3 91
5 57
4 39
5 4
2 14
1 92
2 24
5 65
2 49
1 16
5 70
1 65
5 17
3 75
5 78
3 79
2 57
1 55
1 18
2 15
5 30
2 37
4 48
2 90
4 75
5 74
1 97
2 90
1 75
1 65
3 51
1 4
2 27
2 21
3 84
4 64
5 89
5 84
1 40
2 92
1 89
4 60
1 74
4 14
2 63
1 11
5 87
1 61
5 92
1 43
1 78
3 10
1 77
3 44
1 57
3 83
1 78
4 67
5 79
2 43
1 72
2 11
2 65
2 33
2 1
4 26
3 10
1 90
1 70
1 79
1 46
3 40
3 89
2 60
1 59
2 69
1 59
4 21
3 43
5 62
5 35
1 26
4 58
3 68
2 73
2 35
3 1
3 13
5 8
4 83
4 97
2 95
3 55
1 19
3 89
4 54
5 98
2 57
5 27
1 18
3 89
4 87
4 27
1 7
5 55
4 8
5 5
4 88
3 48
3 98
3 7
1 65
4 63
4 86
2 10
1 31
3 52
3 31
4 31
4 76
3 16
5 12
1 35
3 83
5 8
1 86
1 54
3 74
4 75
4 9
4 100
1 7
1 91
2 6
3 36
1 27
4 42
1 50
2 50
5 89
1 91
1 81
4 13
4 61
4 52
4 80
2 99
4 94
4 63
5 53
2 47
5 64
1 68
4 26
2 41
2 10
5 32
4 35
4 66
5 87
4 25
2 30
4 47
1 60
1 5
2 20
5 8
4 48
3 77
2 88
5 63
5 6
3 36
4 60
4 93
2 58
4 81
3 48
1 32
4 50
1 59
2 72
3 50
2 95
3 49
5 21
4 57
3 25
5 58
5 39
3 84
5 46
2 83
5 51
2 4
4 39
4 56
5 11
2 53
2 1
2 35
2 35
1 79
1 7
4 79
5 43
3 9
5 58
3 56
1 15
3 85
5 89
4 69
2 93
2 27
1 20
4 78
4 84
3 31
2 23
4 36
2 91
1 6
5 21
2 88
4 32
4 88
4 6
4 78
5 51
4 29
1 35
1 59
5 53
3 65
4 21
3 53
5 24
1 88
3 17
5 26
5 23
4 5
2 58
4 65
2 46
5 84
4 36
5 74
5 16
5 6
5 37
2 33
4 94
4 59
1 70
5 87
2 50
5 72
5 90
1 87
1 90
5 78
3 86
2 27
2 85
1 76
1 42
1 26
4 60
1 47
3 42
2 8
1 78
2 47
4 62
3 35
1 45
5 30
4 15
4 71
2 64
5 49
2 18
2 51
5 4
3 49
5 29
5 83
2 97
4 11
3 96
3 69
2 52
3 53
1 18
1 15
1 60
4 26
2 34
4 63
5 4
4 75
4 95
2 64
2 36
1 4
2 66
4 15
4 49
3 5
4 72
4 11
4 23
4 23
2 20
5 40
3 58
4 80
2 16
3 87
1 57
3 71
5 62
2 28
2 38
2 3
3 46
4 64
2 48
3 92
2 95
5 40
1 60
1 81
2 66
5 65
5 12
4 22
5 91
4 62
4 78
1 39
5 33
1 22
2 29
5 20
5 35
2 39
2 33
5 69
1 35
5 97
2 52
3 45
1 61
5 92
3 58
5 17
1 53
3 65
5 63
4 66
4 21
3 77
1 24
3 56
1 79
5 59
4 62
2 5
1 86
1 72
2 87
1 95
1 71
5 21
2 6
3 90
2 27
3 20
3 100
4 14
5 27
5 27
1 10
1 51
1 100
2 12
3 97
3 75
4 65
2 69
2 65
5 98
3 8
3 24
3 61
1 54
2 45
2 57
1 18
4 79
1 17
5 17
2 71
3 14
1 21
2 72
2 46
4 66
2 32
4 23
1 44
5 73
2 80
2 22
3 77
5 6
3 90
2 43
1 100
1 15
1 43
4 7
2 22
3 60
1 70
5 91
5 24
5 12
5 29
4 94
4 24
3 49
2 100
4 59
4 93
2 93
1 87
4 64
4 97
1 51
5 58
4 24
2 57
5 28
4 65
1 95
3 82
2 38
5 16
3 4
5 90
1 38
2 17
5 89
2 97
2 95
2 30
2 66
5 80
1 27
2 84
4 21
2 81
3 50
3 98
3 93
2 17
3 10
4 62
4 66
2 51
3 31
4 30
3 37
5 58
2 33
1 10
1 45
1 56
5 16
2 32
2 32
5 44
3 46
5 47
4 21
3 10
2 13
3 50
4 41
2 11
4 27
5 86
3 91
1 57
3 4
4 4
1 18
5 22
1 86
2 11
3 95
4 93
2 75
4 67
1 19
1 77
1 75
4 71
5 80
2 85
2 42
4 31
1 88
1 9
4 72
2 64
4 13
4 94
3 42
2 7
2 84
3 92
1 96
5 75
2 18
2 28
5 85
3 36
3 37
3 69
5 13
5 46
1 47
1 79
4 25
3 84
1 54
4 96
4 62
2 91
3 4
2 2
5 44
4 47
1 30
1 20
2 11
2 88
1 48
2 83
3 60
1 19
5 98
3 78
2 5
2 100
1 27
2 100
5 7
1 84
4 27
4 25
4 2
3 30
4 30
2 10
5 76
2 97
1 66
4 86
4 33
1 48
4 59
2 51
2 23
1 24
2 91
4 16
5 69
2 96
2 38
1 19
4 10
2 89
1 21
3 91
2 3
1 10
1 94
5 41
3 46
1 88
2 9
4 39
1 57
1 21
5 57
2 19
1 8
4 37
3 75
3 97
5 65
4 59
2 78
2 6
3 8
1 36
5 59
4 89
1 97
1 98
2 11
1 74
5 91
5 51
2 44
2 26
5 16
1 58
3 20
5 58
2 72
3 39
3 51
5 19
4 29
3 98
3 19
4 78
1 82
1 34
2 76
5 47
3 49
2 13
5 7
2 75
1 69
4 81
1 12
1 74
5 73
3 87
4 75
3 94
4 79
5 89
1 93
5 29
3 4
4 70
3 73
2 8
1 20
4 33
1 87
2 45
3 2
1 15
4 84
4 52
5 70
5 35
1 98
1 39
4 28
2 13
5 79
4 48
5 14
4 27
4 74
5 93
4 18
3 33
1 75
3 84
4 62
4 15
2 78
2 77
2 79
2 46
1 98
2 12
3 48
3 5
3 22
1 96
2 12
1 82
2 41
2 84
4 80
2 76
4 10
3 14
5 9
1 23
5 89
1 77
1 50
1 100
1 35
2 71
1 37
1 68
4 52
5 14
2 74
3 62
1 71
2 63
2 51
2 30
4 68
2 69
1 63
1 80
3 24
1 6
2 58
4 18
4 69
2 20
3 51
4 66
1 87
3 29
5 44
4 49
4 21
2 99
1 8
4 18
1 89
3 73
3 89
3 34
1 46
1 81
1 91
2 23
5 82
3 63
1 79
5 50
4 1
5 4
1 79
2 77
2 42
4 34
4 61
2 59
5 89
1 25
4 63
5 18
1 26
5 9
2 40
3 62
4 83
4 18
5 2
5 80
5 85
3 42
2 13
1 78
5 81
2 28
1 26
2 21
1 32
3 5
4 17
2 2
5 4
2 87
4 9
3 47
1 46
2 20
4 37
2 79
2 9
3 50
1 38
3 86
2 32
1 49
4 2
2 71
2 86
3 25
4 40
3 65
3 35
4 61
5 46
4 89
3 11
1 69
2 7
3 95
4 58
5 2
1 29
2 64
1 72
4 6
4 73
4 16
3 88
2 38
2 50
5 72
1 94
2 81
3 53
5 96
4 38
1 52
2 20
1 59
3 26
2 99
4 60
1 13
5 1
5 62
3 17
1 96
3 44
1 7
4 78
5 13
1 95
1 92
2 51
1 51
1 40
3 29
3 14
4 56
4 27
2 88
2 67
4 15
978815779 255472185 641027680 721911087 558074639
