1000 5
2 65
2 77
2 8
2 37
2 79
2 86
2 24
2 6
2 61
2 92
2 31
2 49
2 22
2 68
2 1
2 7
2 45
2 31
2 77
2 85
2 25
2 93
2 45
2 22
2 25
2 11
2 94
2 75
2 4
2 27
3 20
3 3
3 71
3 73
3 32
3 9
3 25
3 19
3 70
3 43
3 18
3 95
3 21
3 51
3 35
3 20
3 60
3 80
3 82
4 41
4 77
4 14
4 82
4 57
4 89
4 21
4 10
4 1
4 3
4 10
4 18
4 51
4 67
4 40
5 54
5 84
5 89
5 30
5 16
5 28
5 3
5 99
5 47
5 24
5 66
5 29
5 31
6 8
6 36
6 46
6 93
6 2
6 4
6 14
6 40
6 64
6 60
6 79
6 9
7 58
7 90
7 37
7 34
7 1
7 65
7 35
7 29
7 2
7 15
7 84
8 93
8 78
8 65
8 96
8 74
8 61
8 7
8 57
8 20
8 51
9 50
9 96
9 57
9 93
9 92
9 88
9 42
9 27
9 21
9 93
10 58
10 55
10 51
10 56
10 78
10 45
10 80
10 49
10 18
10 98
11 46
11 31
11 49
11 12
11 8
11 62
11 95
11 28
11 38
12 6
12 43
12 43
12 87
12 46
12 65
12 82
12 74
12 39
13 2
13 87
13 66
13 5
13 99
13 97
13 6
13 7
13 26
14 75
14 39
14 16
14 27
14 94
14 52
14 25
14 83
15 83
15 96
15 24
15 49
15 18
15 44
15 35
15 57
16 49
16 88
16 86
16 30
16 11
16 94
16 62
16 3
17 56
17 92
17 95
17 40
17 76
17 33
17 73
17 8
18 9
18 70
18 49
18 87
18 65
18 19
18 70
18 12
19 11
19 80
19 20
19 85
19 77
19 51
19 4
19 99
20 41
20 30
20 15
20 24
20 58
20 83
20 93
21 12
21 26
21 75
21 78
21 66
21 91
21 61
22 26
22 38
22 64
22 38
22 68
22 77
22 33
23 35
23 18
23 99
23 26
23 65
23 98
23 88
24 9
24 98
24 17
24 39
24 86
24 54
24 15
25 74
25 64
25 35
25 19
25 81
25 14
25 43
26 57
26 54
26 64
26 35
26 50
26 61
26 19
27 68
27 48
27 62
27 21
27 11
27 21
27 97
28 30
28 68
28 10
28 44
28 15
28 68
28 69
29 48
29 3
29 91
29 40
29 45
29 16
29 13
30 32
30 52
30 37
30 95
30 2
30 81
30 62
31 61
31 42
31 50
31 3
31 87
31 86
31 46
32 38
32 65
32 55
32 89
32 11
32 70
33 94
33 65
33 46
33 35
33 32
33 7
34 10
34 46
34 18
34 67
34 27
34 74
35 20
35 87
35 96
35 71
35 74
35 88
36 28
36 82
36 55
36 74
36 20
36 30
37 88
37 29
37 93
37 8
37 22
37 5
38 2
38 33
38 62
38 40
38 30
38 66
39 97
39 95
39 21
39 73
39 12
39 53
40 65
40 18
40 36
40 81
40 24
40 90
41 17
41 92
41 43
41 57
41 58
41 93
42 25
42 24
42 99
42 29
42 38
42 40
43 85
43 2
43 49
43 50
43 35
43 17
44 74
44 66
44 10
44 84
44 32
44 32
45 90
45 27
45 54
45 22
45 42
45 8
46 83
46 70
46 60
46 16
46 62
46 30
47 85
47 79
47 79
47 17
47 80
47 30
48 83
48 79
48 76
48 66
48 14
48 50
49 22
49 49
49 96
49 5
49 79
49 34
50 4
50 81
50 39
50 12
50 18
50 62
51 75
51 54
51 78
51 87
51 50
51 17
52 5
52 53
52 7
52 16
52 100
52 11
53 39
53 3
53 14
53 37
53 85
53 69
54 8
54 27
54 96
54 79
54 55
54 2
55 65
55 76
55 3
55 18
55 26
55 71
56 14
56 9
56 50
56 29
56 85
56 36
57 82
57 67
57 98
57 32
57 7
57 82
58 58
58 94
58 83
58 66
58 28
58 88
59 64
59 8
59 59
59 6
59 59
59 88
60 20
60 82
60 92
60 69
60 83
60 43
61 65
61 56
61 69
61 49
61 90
61 31
62 56
62 97
62 3
62 65
62 51
62 71
63 68
63 73
63 60
63 93
63 75
63 65
64 83
64 9
64 32
64 64
64 97
65 6
65 11
65 48
65 60
65 76
66 56
66 12
66 1
66 66
66 81
67 41
67 72
67 25
67 59
67 90
68 28
68 32
68 29
68 98
68 93
69 82
69 94
69 8
69 70
69 79
70 44
70 55
70 3
70 3
70 83
71 37
71 51
71 20
71 49
71 20
72 79
72 65
72 16
72 69
72 11
73 8
73 18
73 85
73 48
73 33
74 78
74 19
74 17
74 78
74 2
75 75
75 9
75 74
75 49
75 74
76 87
76 24
76 25
76 61
76 11
77 12
77 75
77 80
77 40
77 71
78 60
78 77
78 93
78 64
78 74
79 33
79 76
79 43
79 31
79 22
80 95
80 70
80 96
80 93
80 77
81 25
81 60
81 77
81 57
81 40
82 38
82 17
82 16
82 31
82 89
83 17
83 52
83 51
83 90
83 69
84 98
84 16
84 73
84 63
84 88
85 9
85 91
85 81
85 79
85 46
86 35
86 86
86 25
86 9
86 100
87 58
87 57
87 82
87 20
87 28
88 85
88 98
88 14
88 78
88 63
89 100
89 55
89 60
89 71
89 70
90 52
90 94
90 18
90 21
90 5
91 92
91 89
91 99
91 68
91 43
92 38
92 100
92 72
92 27
92 86
93 47
93 25
93 28
93 97
93 42
94 45
94 70
94 60
94 45
94 55
95 24
95 98
95 95
95 81
95 35
96 45
96 60
96 76
96 58
96 15
97 5
97 40
97 77
97 36
97 54
98 88
98 36
98 60
98 51
98 88
99 8
99 48
99 14
99 93
99 2
100 12
100 89
100 66
100 64
100 18
101 79
101 37
101 25
101 40
101 31
102 25
102 86
102 52
102 40
102 24
103 95
103 80
103 84
103 69
103 56
104 24
104 81
104 87
104 18
104 31
105 32
105 61
105 16
105 67
105 2
106 59
106 26
106 1
106 98
106 60
107 2
107 90
107 11
107 47
107 43
108 62
108 1
108 46
108 99
108 83
109 15
109 28
109 82
109 56
109 77
110 52
110 97
110 76
110 5
110 6
111 40
111 25
111 85
111 26
111 64
112 49
112 48
112 25
112 87
112 100
113 43
113 98
113 13
113 9
113 91
114 42
114 40
114 31
114 18
114 75
115 24
115 66
115 62
115 85
115 42
116 52
116 87
116 77
116 100
116 55
117 53
117 96
117 93
117 72
117 51
118 22
118 16
118 10
118 48
118 81
119 72
119 81
119 26
119 42
119 66
120 14
120 66
120 75
120 18
120 85
121 100
121 79
121 18
121 46
121 57
122 3
122 91
122 15
122 13
122 5
123 6
123 29
123 98
123 78
123 13
124 34
124 70
124 86
124 99
124 86
125 6
125 6
125 33
125 59
125 83
126 29
126 54
126 5
126 23
126 67
127 14
127 25
127 50
127 77
127 12
128 35
128 40
128 67
128 16
128 57
129 18
129 12
129 72
129 5
129 84
130 43
130 28
130 25
130 27
130 5
131 4
131 80
131 21
131 70
131 41
132 23
132 38
132 13
132 67
132 26
133 82
133 69
133 93
133 55
133 43
134 67
134 10
134 40
134 50
134 67
135 21
135 23
135 99
135 60
135 94
136 39
136 39
136 9
136 48
136 27
137 36
137 95
137 87
137 87
137 94
138 94
138 67
138 24
138 93
138 57
139 4
139 59
139 88
139 53
139 72
140 69
140 43
140 24
140 93
140 92
141 87
141 42
141 79
141 73
141 31
142 95
142 77
142 83
142 83
142 89
143 21
143 2
143 82
143 88
143 17
144 63
144 83
144 85
144 68
144 34
145 46
145 21
145 49
145 75
145 92
146 22
146 34
146 35
146 41
146 37
147 73
147 4
147 64
147 2
147 67
148 100
148 57
148 30
148 66
148 54
149 99
149 2
149 31
149 52
149 92
150 30
150 17
150 36
150 81
150 5
151 57
151 18
151 17
151 46
151 78
152 74
152 95
152 87
152 45
152 43
153 30
153 20
153 20
153 60
153 91
154 99
154 23
154 5
154 75
154 25
155 36
155 91
155 25
155 76
155 76
156 61
156 53
156 54
156 21
156 76
157 83
157 38
157 29
157 48
157 50
158 4
158 81
158 22
158 63
158 27
159 42
159 46
159 4
159 18
159 21
160 50
160 81
160 20
160 4
160 92
161 92
161 42
161 3
161 99
161 64
162 13
162 88
162 68
162 20
162 10
163 89
163 73
163 20
163 39
163 74
164 72
164 10
164 49
164 65
164 29
165 98
165 10
165 65
165 27
165 54
166 12
166 1
166 37
166 7
166 95
167 33
167 31
167 82
167 32
978795458 645490017 521862571 941813548 160307820
