1000 5
2 32
2 72
2 51
2 53
2 4
2 59
2 91
2 27
2 7
2 30
2 38
2 95
2 39
2 50
2 53
2 37
2 35
2 35
2 9
2 46
2 17
2 61
2 60
2 92
2 43
2 84
2 44
2 82
2 37
2 1
3 77
3 77
3 89
3 99
3 15
3 82
3 25
3 19
3 23
3 80
3 86
3 23
3 92
3 98
3 84
3 48
3 6
3 73
3 41
4 97
4 26
4 5
4 32
4 31
4 27
4 79
4 75
4 55
4 5
4 17
4 71
4 13
4 9
4 49
5 69
5 65
5 35
5 47
5 76
5 44
5 1
5 82
5 38
5 41
5 36
5 47
5 11
6 38
6 99
6 8
6 2
6 54
6 34
6 88
6 16
6 52
6 54
6 83
6 6
7 66
7 70
7 27
7 62
7 80
7 29
7 3
7 29
7 79
7 54
7 50
8 77
8 32
8 78
8 29
8 32
8 71
8 37
8 80
8 56
8 1
9 43
9 74
9 100
9 61
9 36
9 32
9 50
9 3
9 40
9 54
10 44
10 21
10 37
10 73
10 100
10 46
10 63
10 95
10 77
10 44
11 27
11 93
11 16
11 81
11 55
11 71
11 75
11 98
11 93
12 93
12 41
12 97
12 96
12 44
12 58
12 14
12 64
12 93
13 27
13 55
13 95
13 29
13 26
13 13
13 68
13 85
13 92
14 46
14 4
14 88
14 41
14 1
14 80
14 18
14 93
15 78
15 85
15 82
15 36
15 4
15 25
15 97
15 41
16 47
16 82
16 19
16 65
16 39
16 82
16 62
16 1
17 47
17 8
17 47
17 38
17 33
17 35
17 53
17 96
18 94
18 97
18 8
18 19
18 50
18 15
18 65
18 62
19 59
19 90
19 77
19 5
19 50
19 51
19 24
19 36
20 38
20 46
20 31
20 11
20 35
20 5
20 48
21 38
21 36
21 51
21 39
21 92
21 24
21 57
22 47
22 71
22 74
22 17
22 16
22 7
22 23
23 16
23 76
23 29
23 23
23 69
23 32
23 86
24 63
24 44
24 64
24 38
24 80
24 14
24 78
25 82
25 12
25 3
25 94
25 79
25 66
25 49
26 49
26 6
26 47
26 17
26 14
26 97
26 2
27 50
27 68
27 12
27 50
27 22
27 29
27 94
28 4
28 56
28 72
28 39
28 27
28 75
28 20
29 74
29 79
29 2
29 15
29 3
29 4
29 68
30 50
30 42
30 53
30 90
30 87
30 28
30 88
31 59
31 51
31 47
31 15
31 53
31 73
31 44
32 51
32 82
32 9
32 41
32 98
32 83
33 19
33 18
33 23
33 82
33 60
33 39
34 91
34 78
34 23
34 96
34 96
34 92
35 28
35 86
35 24
35 28
35 20
35 8
36 89
36 45
36 56
36 82
36 76
36 47
37 8
37 16
37 68
37 85
37 52
37 54
38 65
38 100
38 31
38 38
38 54
38 47
39 80
39 87
39 62
39 35
39 80
39 36
40 70
40 6
40 8
40 56
40 17
40 35
41 46
41 4
41 5
41 57
41 11
41 34
42 34
42 63
42 74
42 100
42 59
42 68
43 67
43 64
43 54
43 83
43 57
43 42
44 85
44 3
44 90
44 85
44 61
44 46
45 5
45 94
45 28
45 99
45 89
45 99
46 68
46 45
46 15
46 94
46 49
46 56
47 56
47 96
47 78
47 4
47 75
47 62
48 18
48 65
48 58
48 33
48 20
48 23
49 8
49 91
49 63
49 95
49 15
49 44
50 94
50 58
50 80
50 84
50 54
50 31
51 34
51 3
51 83
51 97
51 6
51 81
52 98
52 34
52 68
52 92
52 43
52 80
53 68
53 85
53 92
53 100
53 53
53 82
54 21
54 49
54 12
54 4
54 12
54 94
55 7
55 75
55 13
55 50
55 33
55 97
56 88
56 11
56 99
56 89
56 91
56 29
57 41
57 31
57 19
57 45
57 52
57 47
58 55
58 66
58 33
58 66
58 45
58 69
59 27
59 62
59 80
59 4
59 52
59 57
60 64
60 87
60 74
60 74
60 75
60 71
61 24
61 19
61 8
61 31
61 76
61 83
62 74
62 81
62 48
62 22
62 85
62 14
63 46
63 65
63 9
63 39
63 46
63 39
64 15
64 13
64 87
64 40
64 33
65 46
65 13
65 34
65 95
65 56
66 24
66 50
66 44
66 76
66 97
67 76
67 61
67 31
67 51
67 35
68 78
68 51
68 5
68 18
68 41
69 34
69 60
69 55
69 52
69 39
70 54
70 16
70 49
70 62
70 29
71 54
71 14
71 65
71 73
71 74
72 31
72 43
72 74
72 21
72 89
73 85
73 50
73 59
73 27
73 60
74 80
74 57
74 23
74 41
74 34
75 88
75 21
75 85
75 68
75 17
76 64
76 10
76 76
76 30
76 36
77 75
77 76
77 57
77 96
77 70
78 52
78 27
78 15
78 53
78 22
79 80
79 65
79 69
79 2
79 88
80 85
80 72
80 77
80 87
80 17
81 51
81 2
81 81
81 75
81 2
82 2
82 82
82 32
82 30
82 13
83 42
83 69
83 17
83 80
83 78
84 73
84 25
84 64
84 21
84 92
85 45
85 49
85 16
85 58
85 4
86 85
86 46
86 21
86 12
86 86
87 13
87 86
87 80
87 86
87 23
88 33
88 95
88 51
88 97
88 60
89 90
89 70
89 71
89 20
89 94
90 63
90 8
90 85
90 5
90 23
91 40
91 37
91 4
91 77
91 99
92 9
92 5
92 67
92 3
92 69
93 54
93 26
93 39
93 93
93 80
94 13
94 25
94 47
94 69
94 52
95 64
95 36
95 58
95 47
95 66
96 87
96 53
96 47
96 22
96 95
97 56
97 66
97 79
97 94
97 75
98 66
98 48
98 65
98 65
98 67
99 70
99 2
99 41
99 54
99 52
100 28
100 19
100 3
100 43
100 27
101 50
101 9
101 20
101 60
101 80
102 24
102 93
102 2
102 54
102 10
103 15
103 67
103 32
103 27
103 48
104 38
104 52
104 94
104 86
104 45
105 39
105 65
105 4
105 61
105 9
106 62
106 34
106 83
106 99
106 13
107 97
107 41
107 23
107 94
107 12
108 60
108 87
108 3
108 69
108 40
109 88
109 61
109 8
109 2
109 83
110 42
110 16
110 70
110 83
110 49
111 18
111 33
111 75
111 16
111 48
112 15
112 92
112 82
112 93
112 25
113 25
113 16
113 59
113 17
113 61
114 86
114 12
114 2
114 80
114 2
115 21
115 67
115 21
115 74
115 95
116 41
116 96
116 5
116 44
116 61
117 85
117 11
117 60
117 54
117 93
118 47
118 29
118 2
118 82
118 35
119 23
119 32
119 46
119 33
119 90
120 83
120 12
120 60
120 46
120 44
121 1
121 8
121 9
121 39
121 34
122 34
122 25
122 24
122 85
122 48
123 15
123 48
123 10
123 37
123 9
124 84
124 99
124 7
124 55
124 80
125 74
125 7
125 58
125 88
125 15
126 95
126 14
126 34
126 70
126 60
127 71
127 30
127 45
127 16
127 63
128 98
128 39
128 33
128 18
128 20
129 45
129 82
129 98
129 90
129 82
130 94
130 83
130 80
130 80
130 67
131 76
131 43
131 21
131 47
131 61
132 36
132 59
132 32
132 85
132 89
133 16
133 74
133 86
133 20
133 33
134 94
134 39
134 49
134 56
134 48
135 94
135 43
135 100
135 89
135 30
136 46
136 37
136 70
136 54
136 51
137 98
137 2
137 15
137 85
137 1
138 22
138 96
138 13
138 51
138 70
139 18
139 6
139 85
139 100
139 18
140 26
140 9
140 25
140 43
140 96
141 7
141 13
141 1
141 10
141 17
142 77
142 58
142 4
142 78
142 49
143 79
143 19
143 73
143 11
143 5
144 80
144 14
144 23
144 44
144 64
145 70
145 97
145 14
145 54
145 49
146 100
146 67
146 88
146 26
146 63
147 15
147 88
147 39
147 62
147 10
148 55
148 46
148 70
148 1
148 17
149 10
149 80
149 23
149 81
149 11
150 52
150 6
150 4
150 94
150 40
151 9
151 99
151 34
151 51
151 8
152 46
152 17
152 50
152 18
152 76
153 95
153 13
153 32
153 12
153 58
154 83
154 79
154 38
154 36
154 8
155 45
155 97
155 11
155 7
155 57
156 5
156 80
156 57
156 2
156 53
157 21
157 64
157 66
157 85
157 1
158 100
158 34
158 91
158 71
158 59
159 3
159 97
159 90
159 2
159 68
160 99
160 64
160 41
160 4
160 22
161 14
161 4
161 97
161 69
161 82
162 41
162 76
162 43
162 29
162 34
163 8
163 31
163 60
163 94
163 12
164 41
164 9
164 2
164 1
164 70
165 46
165 70
165 13
165 64
165 11
166 44
166 14
166 22
166 96
166 37
167 84
167 60
167 86
167 51
729190404 678516022 899850895 440788946 265778180
