1000 5
2 1
2 21
2 77
2 89
2 56
2 72
2 37
2 90
2 62
2 49
2 84
2 66
2 61
2 100
2 38
2 72
2 94
2 41
2 77
2 98
2 19
2 54
2 65
2 24
2 74
2 79
2 24
2 10
2 27
2 66
3 84
3 12
3 48
3 21
3 30
3 78
3 34
3 4
3 56
3 72
3 16
3 20
3 48
3 88
3 47
3 39
3 70
3 24
3 90
4 9
4 100
4 30
4 2
4 77
4 79
4 97
4 59
4 82
4 81
4 91
4 84
4 6
4 46
4 95
5 80
5 34
5 20
5 19
5 90
5 19
5 46
5 29
5 84
5 91
5 52
5 47
5 18
6 91
6 85
6 28
6 95
6 79
6 45
6 87
6 50
6 13
6 33
6 28
6 49
7 25
7 4
7 22
7 76
7 42
7 32
7 77
7 71
7 78
7 30
7 76
8 59
8 23
8 44
8 11
8 22
8 26
8 82
8 22
8 7
8 82
9 82
9 21
9 85
9 1
9 86
9 65
9 56
9 30
9 78
9 5
10 76
10 16
10 93
10 7
10 24
10 51
10 82
10 60
10 95
10 98
11 45
11 28
11 40
11 87
11 6
11 59
11 96
11 70
11 83
12 22
12 43
12 50
12 21
12 77
12 48
12 70
12 18
12 34
13 37
13 45
13 64
13 38
13 77
13 47
13 8
13 59
13 30
14 55
14 79
14 41
14 76
14 87
14 39
14 79
14 6
15 37
15 10
15 76
15 84
15 55
15 56
15 3
15 81
16 38
16 39
16 59
16 86
16 24
16 25
16 30
16 46
17 64
17 80
17 41
17 49
17 61
17 11
17 39
17 40
18 61
18 36
18 51
18 90
18 56
18 61
18 63
18 72
19 76
19 7
19 12
19 61
19 15
19 29
19 7
19 92
20 78
20 56
20 33
20 83
20 61
20 96
20 71
21 64
21 30
21 65
21 73
21 95
21 78
21 25
22 6
22 84
22 43
22 68
22 81
22 30
22 37
23 98
23 85
23 39
23 65
23 25
23 72
23 30
24 83
24 95
24 43
24 46
24 9
24 50
24 43
25 91
25 5
25 88
25 67
25 16
25 19
25 6
26 7
26 78
26 8
26 77
26 65
26 40
26 8
27 47
27 52
27 82
27 84
27 31
27 25
27 87
28 45
28 1
28 74
28 21
28 3
28 58
28 1
29 24
29 69
29 60
29 1
29 9
29 71
29 10
30 100
30 52
30 73
30 94
30 70
30 63
30 44
31 26
31 94
31 19
31 46
31 66
31 33
31 92
32 21
32 90
32 9
32 69
32 91
32 86
33 17
33 73
33 53
33 24
33 76
33 64
34 37
34 70
34 43
34 39
34 89
34 11
35 42
35 82
35 30
35 93
35 3
35 23
36 27
36 45
36 83
36 72
36 41
36 65
37 92
37 83
37 70
37 16
37 96
37 63
38 94
38 83
38 91
38 20
38 76
38 45
39 79
39 85
39 45
39 71
39 25
39 92
40 92
40 20
40 92
40 60
40 2
40 24
41 74
41 52
41 47
41 94
41 97
41 26
42 100
42 70
42 63
42 51
42 98
42 91
43 35
43 4
43 54
43 24
43 40
43 34
44 33
44 94
44 28
44 49
44 93
44 87
45 63
45 18
45 96
45 72
45 54
45 18
46 35
46 42
46 68
46 58
46 16
46 95
47 76
47 85
47 18
47 100
47 21
47 32
48 32
48 39
48 71
48 33
48 15
48 56
49 28
49 41
49 48
49 52
49 94
49 94
50 43
50 91
50 74
50 33
50 41
50 75
51 67
51 40
51 46
51 81
51 42
51 45
52 46
52 100
52 92
52 18
52 16
52 74
53 95
53 99
53 11
53 82
53 37
53 81
54 41
54 11
54 20
54 43
54 40
54 53
55 54
55 70
55 57
55 14
55 67
55 60
56 3
56 19
56 91
56 59
56 95
56 38
57 26
57 65
57 92
57 89
57 89
57 15
58 36
58 38
58 81
58 6
58 64
58 54
59 53
59 19
59 32
59 15
59 60
59 45
60 20
60 30
60 83
60 44
60 81
60 10
61 35
61 4
61 43
61 71
61 27
61 18
62 52
62 56
62 59
62 78
62 99
62 71
63 58
63 67
63 35
63 44
63 67
63 68
64 84
64 12
64 40
64 93
64 41
65 82
65 28
65 32
65 100
65 17
66 49
66 16
66 98
66 29
66 46
67 49
67 83
67 10
67 81
67 66
68 72
68 16
68 21
68 2
68 40
69 82
69 4
69 23
69 40
69 47
70 79
70 24
70 68
70 6
70 23
71 65
71 65
71 72
71 4
71 67
72 29
72 44
72 17
72 76
72 74
73 21
73 33
73 5
73 51
73 22
74 64
74 8
74 81
74 18
74 74
75 69
75 42
75 28
75 33
75 74
76 39
76 37
76 92
76 42
76 50
77 45
77 6
77 2
77 91
77 60
78 53
78 100
78 85
78 43
78 29
79 90
79 33
79 41
79 9
79 30
80 33
80 46
80 25
80 16
80 65
81 74
81 41
81 59
81 67
81 49
82 69
82 3
82 85
82 1
82 85
83 79
83 28
83 95
83 63
83 26
84 72
84 97
84 36
84 28
84 95
85 6
85 94
85 43
85 74
85 33
86 70
86 93
86 47
86 29
86 26
87 64
87 42
87 18
87 23
87 77
88 100
88 11
88 79
88 61
88 18
89 71
89 82
89 59
89 100
89 7
90 50
90 85
90 49
90 87
90 71
91 93
91 66
91 40
91 4
91 63
92 66
92 76
92 6
92 88
92 96
93 38
93 95
93 49
93 88
93 67
94 13
94 71
94 79
94 39
94 1
95 40
95 5
95 16
95 31
95 35
96 67
96 68
96 66
96 6
96 40
97 26
97 54
97 3
97 24
97 98
98 1
98 83
98 49
98 9
98 83
99 82
99 78
99 66
99 90
99 60
100 59
100 100
100 77
100 13
100 1
101 24
101 91
101 18
101 78
101 11
102 33
102 81
102 77
102 91
102 25
103 48
103 48
103 67
103 49
103 49
104 26
104 77
104 45
104 4
104 16
105 54
105 7
105 49
105 75
105 76
106 54
106 6
106 4
106 89
106 63
107 43
107 46
107 7
107 38
107 48
108 25
108 24
108 80
108 3
108 96
109 70
109 15
109 73
109 45
109 92
110 97
110 56
110 6
110 34
110 27
111 95
111 19
111 87
111 2
111 15
112 43
112 86
112 70
112 67
112 76
113 10
113 43
113 22
113 81
113 48
114 29
114 75
114 87
114 33
114 64
115 90
115 35
115 13
115 29
115 13
116 22
116 76
116 66
116 12
116 60
117 16
117 33
117 33
117 97
117 19
118 81
118 21
118 95
118 32
118 16
119 71
119 87
119 87
119 61
119 53
120 31
120 47
120 8
120 16
120 83
121 62
121 98
121 65
121 50
121 69
122 31
122 53
122 58
122 79
122 98
123 78
123 74
123 21
123 46
123 48
124 54
124 51
124 85
124 97
124 52
125 29
125 81
125 86
125 19
125 75
126 97
126 16
126 91
126 98
126 62
127 99
127 59
127 52
127 1
127 6
128 55
128 29
128 30
128 99
128 96
129 33
129 87
129 99
129 59
129 34
130 74
130 96
130 55
130 6
130 37
131 11
131 27
131 32
131 87
131 96
132 85
132 5
132 29
132 95
132 46
133 82
133 68
133 75
133 43
133 56
134 36
134 64
134 98
134 79
134 29
135 15
135 7
135 63
135 4
135 33
136 34
136 78
136 32
136 30
136 90
137 16
137 24
137 64
137 74
137 78
138 17
138 27
138 86
138 4
138 95
139 17
139 69
139 40
139 3
139 44
140 64
140 64
140 46
140 95
140 49
141 69
141 12
141 51
141 49
141 28
142 3
142 42
142 16
142 30
142 17
143 8
143 51
143 56
143 33
143 77
144 6
144 51
144 76
144 7
144 87
145 93
145 1
145 82
145 82
145 55
146 51
146 70
146 47
146 1
146 34
147 94
147 41
147 45
147 84
147 60
148 58
148 66
148 55
148 9
148 79
149 83
149 54
149 33
149 24
149 9
150 94
150 22
150 89
150 79
150 81
151 25
151 16
151 74
151 14
151 17
152 99
152 57
152 10
152 31
152 38
153 14
153 17
153 73
153 80
153 26
154 28
154 43
154 6
154 87
154 7
155 48
155 18
155 3
155 99
155 72
156 48
156 5
156 60
156 97
156 59
157 4
157 79
157 99
157 89
157 74
158 80
158 62
158 13
158 13
158 99
159 44
159 62
159 4
159 87
159 46
160 1
160 98
160 63
160 86
160 86
161 7
161 50
161 95
161 20
161 83
162 21
162 42
162 81
162 74
162 68
163 34
163 32
163 60
163 63
163 18
164 59
164 51
164 93
164 96
164 22
165 100
165 6
165 27
165 75
165 46
166 37
166 18
166 9
166 45
166 62
167 80
167 22
167 66
167 96
511956455 493764620 861932624 393526626 421837298
