1000 5
1 59
2 69
3 93
4 4
5 79
6 38
7 53
8 14
9 51
10 61
11 11
12 92
13 94
14 21
15 76
16 22
17 40
18 52
19 74
20 42
21 95
22 36
23 100
24 26
25 55
26 10
27 83
28 97
29 79
30 73
31 87
32 45
33 83
34 3
35 3
36 74
37 8
38 59
39 12
40 4
41 41
42 1
43 96
44 41
45 69
46 43
47 43
48 99
49 4
50 71
51 70
52 71
53 30
54 5
55 67
56 84
57 78
58 71
59 37
60 83
61 80
62 76
63 63
64 56
65 39
66 57
67 76
68 54
69 99
70 61
71 49
72 10
73 91
74 29
75 57
76 6
77 14
78 18
79 42
80 60
81 83
82 87
83 96
84 65
85 9
86 5
87 77
88 81
89 23
90 99
91 66
92 22
93 96
94 81
95 41
96 83
97 6
98 45
99 54
100 89
101 74
102 11
103 38
104 57
105 7
106 99
107 14
108 39
109 6
110 17
111 1
112 54
113 9
114 87
115 71
116 94
117 13
118 42
119 8
120 79
121 62
122 12
123 27
124 12
125 19
126 9
127 5
128 55
129 10
130 25
131 57
132 82
133 55
134 27
135 80
136 31
137 37
138 58
139 96
140 14
141 7
142 87
143 9
144 33
145 60
146 4
147 72
148 56
149 81
150 86
151 1
152 100
153 29
154 82
155 44
156 17
157 7
158 17
159 59
160 45
161 42
162 20
163 49
164 39
165 85
166 29
167 55
168 29
169 17
170 28
171 31
172 37
173 75
174 73
175 50
176 24
177 72
178 11
179 2
180 34
181 2
182 95
183 19
184 33
185 53
186 95
187 80
188 96
189 55
190 1
191 35
192 78
193 61
194 33
195 66
196 37
197 49
198 33
199 66
200 6
201 83
202 52
203 31
204 41
205 64
206 67
207 36
208 22
209 60
210 29
211 17
212 63
213 14
214 48
215 57
216 73
217 21
218 70
219 60
220 61
221 58
222 70
223 62
224 56
225 72
226 86
227 78
228 42
229 73
230 60
231 78
232 1
233 19
234 49
235 61
236 61
237 19
238 85
239 5
240 3
241 43
242 5
243 70
244 82
245 49
246 94
247 98
248 51
249 10
250 37
251 68
252 39
253 19
254 94
255 89
256 61
257 33
258 63
259 69
260 13
261 73
262 31
263 5
264 62
265 22
266 71
267 31
268 63
269 34
270 87
271 63
272 70
273 70
274 81
275 7
276 23
277 52
278 51
279 8
280 97
281 88
282 30
283 4
284 17
285 22
286 56
287 65
288 76
289 98
290 9
291 69
292 25
293 4
294 29
295 53
296 1
297 28
298 9
299 79
300 42
301 8
302 28
303 66
304 31
305 14
306 58
307 21
308 50
309 93
310 41
311 15
312 99
313 13
314 35
315 35
316 19
317 63
318 95
319 74
320 37
321 84
322 13
323 35
324 82
325 81
326 90
327 10
328 24
329 54
330 73
331 24
332 51
333 42
334 32
335 67
336 18
337 97
338 47
339 84
340 62
341 31
342 99
343 80
344 25
345 55
346 91
347 16
348 27
349 46
350 42
351 24
352 6
353 59
354 62
355 15
356 23
357 19
358 96
359 90
360 11
361 19
362 84
363 19
364 40
365 32
366 81
367 34
368 34
369 75
370 5
371 92
372 49
373 9
374 39
375 52
376 41
377 1
378 29
379 86
380 24
381 79
382 55
383 94
384 23
385 30
386 43
387 89
388 36
389 5
390 56
391 43
392 67
393 98
394 41
395 25
396 9
397 11
398 54
399 30
400 54
401 85
402 45
403 96
404 64
405 2
406 26
407 22
408 85
409 98
410 74
411 33
412 2
413 94
414 27
415 20
416 79
417 30
418 37
419 21
420 31
421 67
422 48
423 75
424 61
425 100
426 9
427 74
428 73
429 92
430 83
431 36
432 12
433 21
434 64
435 86
436 94
437 6
438 90
439 70
440 10
441 64
442 33
443 89
444 75
445 73
446 6
447 89
448 4
449 37
450 81
451 49
452 78
453 72
454 83
455 64
456 62
457 45
458 31
459 44
460 74
461 79
462 61
463 65
464 63
465 91
466 27
467 30
468 25
469 25
470 77
471 16
472 27
473 53
474 76
475 60
476 16
477 29
478 36
479 87
480 52
481 15
482 65
483 44
484 64
485 30
486 69
487 43
488 80
489 7
490 51
491 24
492 42
493 53
494 49
495 53
496 68
497 52
498 39
499 62
500 32
501 84
502 48
503 97
504 36
505 38
506 69
507 58
508 26
509 13
510 77
511 60
512 56
513 92
514 22
515 92
516 48
517 42
518 92
519 79
520 79
521 27
522 65
523 10
524 95
525 22
526 99
527 84
528 28
529 32
530 81
531 23
532 74
533 48
534 83
535 16
536 70
537 39
538 63
539 89
540 26
541 45
542 58
543 9
544 79
545 61
546 90
547 72
548 7
549 88
550 34
551 80
552 18
553 99
554 90
555 44
556 28
557 61
558 44
559 83
560 19
561 74
562 1
563 26
564 30
565 43
566 74
567 2
568 63
569 80
570 68
571 51
572 40
573 61
574 80
575 52
576 23
577 28
578 90
579 72
580 55
581 1
582 28
583 90
584 19
585 97
586 75
587 97
588 75
589 68
590 83
591 29
592 6
593 56
594 67
595 75
596 20
597 81
598 66
599 27
600 56
601 70
602 90
603 56
604 46
605 82
606 88
607 50
608 5
609 29
610 24
611 62
612 93
613 15
614 9
615 89
616 32
617 95
618 26
619 48
620 71
621 36
622 68
623 29
624 72
625 20
626 87
627 96
628 20
629 89
630 22
631 16
632 37
633 40
634 79
635 48
636 13
637 40
638 37
639 10
640 80
641 38
642 39
643 90
644 66
645 77
646 96
647 35
648 38
649 84
650 80
651 41
652 61
653 48
654 94
655 50
656 38
657 44
658 95
659 52
660 37
661 58
662 95
663 94
664 70
665 94
666 65
667 28
668 28
669 18
670 50
671 29
672 85
673 60
674 75
675 11
676 95
677 12
678 85
679 62
680 55
681 1
682 2
683 64
684 27
685 66
686 32
687 80
688 33
689 40
690 66
691 80
692 25
693 25
694 46
695 76
696 45
697 20
698 3
699 73
700 61
701 45
702 5
703 68
704 58
705 51
706 66
707 94
708 46
709 36
710 14
711 80
712 60
713 92
714 4
715 3
716 51
717 55
718 68
719 44
720 65
721 26
722 83
723 28
724 74
725 15
726 50
727 76
728 38
729 53
730 3
731 47
732 12
733 17
734 96
735 78
736 98
737 16
738 50
739 61
740 84
741 91
742 100
743 64
744 85
745 76
746 62
747 86
748 33
749 38
750 67
751 2
752 19
753 94
754 45
755 17
756 30
757 100
758 34
759 50
760 24
761 27
762 43
763 41
764 71
765 24
766 29
767 42
768 20
769 37
770 33
771 5
772 11
773 58
774 59
775 2
776 41
777 11
778 83
779 39
780 34
781 41
782 71
783 19
784 40
785 91
786 17
787 3
788 4
789 56
790 54
791 17
792 90
793 38
794 78
795 77
796 90
797 6
798 90
799 34
800 35
801 42
802 58
803 45
804 37
805 62
806 13
807 34
808 43
809 14
810 31
811 100
812 46
813 46
814 5
815 51
816 35
817 15
818 68
819 49
820 22
821 89
822 88
823 18
824 71
825 11
826 29
827 2
828 84
829 93
830 3
831 58
832 9
833 24
834 89
835 57
836 70
837 15
838 51
839 87
840 50
841 1
842 82
843 41
844 39
845 35
846 18
847 52
848 14
849 46
850 39
851 7
852 29
853 66
854 21
855 68
856 74
857 13
858 34
859 82
860 97
861 79
862 37
863 81
864 20
865 56
866 13
867 77
868 30
869 11
870 70
871 18
872 13
873 15
874 15
875 13
876 44
877 15
878 83
879 14
880 64
881 50
882 49
883 56
884 40
885 95
886 53
887 83
888 62
889 7
890 55
891 57
892 3
893 99
894 3
895 90
896 52
897 38
898 15
899 31
900 30
901 91
902 42
903 76
904 22
905 25
906 64
907 95
908 60
909 30
910 59
911 74
912 76
913 48
914 20
915 62
916 69
917 97
918 21
919 98
920 96
921 7
922 2
923 72
924 4
925 35
926 8
927 46
928 36
929 70
930 19
931 6
932 77
933 99
934 45
935 14
936 66
937 65
938 35
939 28
940 97
941 79
942 16
943 48
944 60
945 60
946 10
947 33
948 67
949 89
950 100
951 70
952 1
953 12
954 9
955 5
956 98
957 46
958 32
959 41
960 99
961 17
962 64
963 81
964 40
965 7
966 32
967 98
968 76
969 26
970 72
971 3
972 95
973 19
974 94
975 52
976 72
977 75
978 78
979 76
980 75
981 31
982 15
983 57
984 59
985 3
986 13
987 12
988 42
989 75
990 16
991 49
992 15
993 10
994 82
995 1
996 44
997 77
998 82
999 55
1000 35
230096997 103027263 39463178 101733195 320446898
