1000 5
1 28
1 41
2 93
2 86
3 84
3 69
4 21
4 25
5 17
5 56
6 17
6 32
7 47
7 39
8 41
8 37
9 34
9 36
10 89
10 75
11 93
11 14
12 26
12 39
13 18
13 85
14 9
14 11
15 59
15 76
16 38
16 98
17 65
17 40
18 84
18 29
19 26
19 14
20 30
20 46
21 75
21 52
22 1
22 68
23 86
23 72
24 90
24 94
25 30
25 66
26 30
26 74
27 97
27 48
28 19
28 65
29 4
29 18
30 5
30 45
31 1
31 38
32 64
32 84
33 99
33 61
34 53
34 45
35 68
35 32
36 32
36 64
37 45
37 70
38 17
38 40
39 43
39 87
40 50
40 33
41 83
41 74
42 60
42 17
43 22
43 86
44 19
44 14
45 83
45 98
46 84
46 70
47 13
47 43
48 85
48 86
49 89
49 56
50 66
50 70
51 89
51 72
52 54
52 44
53 52
53 16
54 50
54 4
55 94
55 42
56 41
56 93
57 89
57 86
58 38
58 24
59 5
59 66
60 15
60 74
61 52
61 71
62 69
62 92
63 82
63 35
64 27
64 68
65 85
65 72
66 47
66 92
67 90
67 50
68 33
68 38
69 49
69 11
70 1
70 44
71 4
71 58
72 95
72 78
73 51
73 36
74 9
74 94
75 65
75 66
76 7
76 84
77 65
77 83
78 81
78 64
79 66
79 78
80 77
80 63
81 40
81 91
82 93
82 19
83 88
83 65
84 13
84 51
85 89
85 58
86 4
86 61
87 23
87 19
88 28
88 96
89 99
89 24
90 5
90 93
91 10
91 91
92 1
92 46
93 5
93 72
94 43
94 89
95 76
95 4
96 71
96 94
97 96
97 88
98 30
98 65
99 56
99 53
100 44
100 31
101 56
101 49
102 6
102 36
103 10
103 33
104 30
104 33
105 31
105 59
106 87
106 15
107 1
107 37
108 7
108 82
109 54
109 5
110 81
110 94
111 100
111 93
112 3
112 58
113 46
113 9
114 10
114 8
115 26
115 70
116 67
116 40
117 31
117 98
118 35
118 34
119 88
119 6
120 29
120 33
121 55
121 55
122 96
122 34
123 34
123 13
124 43
124 84
125 28
125 14
126 59
126 96
127 52
127 74
128 26
128 12
129 54
129 6
130 100
130 22
131 49
131 21
132 88
132 87
133 8
133 54
134 3
134 3
135 26
135 84
136 60
136 23
137 45
137 94
138 51
138 97
139 12
139 1
140 96
140 22
141 66
141 59
142 72
142 35
143 19
143 12
144 56
144 58
145 21
145 53
146 63
146 36
147 50
147 81
148 48
148 4
149 79
149 87
150 45
150 52
151 86
151 67
152 14
152 22
153 33
153 70
154 16
154 96
155 72
155 19
156 73
156 87
157 75
157 29
158 84
158 65
159 83
159 25
160 79
160 11
161 55
161 95
162 46
162 98
163 74
163 60
164 3
164 48
165 8
165 83
166 7
166 67
167 18
167 76
168 15
168 36
169 44
169 74
170 67
170 97
171 100
171 19
172 34
172 100
173 31
173 1
174 79
174 90
175 86
175 76
176 98
176 76
177 47
177 18
178 9
178 31
179 51
179 60
180 43
180 11
181 18
181 21
182 35
182 100
183 46
183 83
184 70
184 42
185 44
185 18
186 76
186 19
187 100
187 48
188 13
188 36
189 93
189 80
190 38
190 82
191 97
191 3
192 3
192 31
193 77
193 17
194 48
194 4
195 15
195 81
196 74
196 97
197 73
197 77
198 97
198 89
199 45
199 49
200 100
200 54
201 100
201 25
202 8
202 13
203 82
203 6
204 88
204 98
205 62
205 13
206 90
206 2
207 65
207 93
208 52
208 73
209 34
209 23
210 88
210 13
211 27
211 91
212 11
212 89
213 56
213 63
214 19
214 6
215 93
215 62
216 94
216 62
217 62
217 14
218 48
218 100
219 74
219 38
220 55
220 66
221 82
221 64
222 25
222 88
223 11
223 44
224 98
224 44
225 53
225 77
226 26
226 84
227 60
227 3
228 23
228 95
229 87
229 20
230 13
230 7
231 59
231 94
232 40
232 39
233 88
233 32
234 43
234 57
235 79
235 66
236 8
236 18
237 1
237 66
238 62
238 53
239 80
239 49
240 45
240 65
241 43
241 71
242 43
242 64
243 46
243 22
244 2
244 50
245 91
245 17
246 78
246 45
247 51
247 32
248 55
248 44
249 21
249 85
250 88
250 47
251 23
251 2
252 84
252 26
253 46
253 45
254 81
254 18
255 9
255 21
256 70
256 27
257 71
257 35
258 31
258 78
259 91
259 90
260 68
260 4
261 19
261 49
262 42
262 23
263 29
263 52
264 64
264 27
265 100
265 48
266 55
266 100
267 100
267 8
268 24
268 16
269 92
269 7
270 43
270 32
271 14
271 37
272 86
272 76
273 42
273 93
274 94
274 95
275 42
275 95
276 29
276 10
277 89
277 74
278 22
278 27
279 49
279 72
280 22
280 18
281 48
281 91
282 10
282 24
283 80
283 33
284 43
284 10
285 41
285 86
286 26
286 18
287 80
287 93
288 8
288 64
289 33
289 25
290 36
290 22
291 3
291 74
292 54
292 36
293 87
293 19
294 65
294 98
295 8
295 58
296 89
296 25
297 73
297 81
298 75
298 85
299 1
299 22
300 87
300 99
301 44
301 47
302 10
302 67
303 72
303 46
304 59
304 95
305 45
305 46
306 78
306 33
307 14
307 58
308 10
308 40
309 40
309 49
310 13
310 22
311 59
311 61
312 74
312 34
313 30
313 76
314 64
314 44
315 85
315 46
316 45
316 75
317 98
317 66
318 22
318 78
319 72
319 54
320 73
320 15
321 82
321 53
322 100
322 95
323 12
323 63
324 31
324 76
325 91
325 38
326 70
326 50
327 64
327 29
328 81
328 16
329 84
329 54
330 54
330 82
331 74
331 18
332 44
332 91
333 92
333 25
334 55
334 11
335 87
335 98
336 52
336 1
337 82
337 95
338 37
338 92
339 10
339 17
340 38
340 64
341 43
341 53
342 94
342 61
343 64
343 78
344 29
344 15
345 96
345 5
346 81
346 30
347 77
347 36
348 73
348 14
349 56
349 14
350 49
350 69
351 82
351 53
352 48
352 84
353 69
353 96
354 54
354 32
355 40
355 55
356 73
356 22
357 76
357 79
358 62
358 33
359 28
359 71
360 93
360 91
361 87
361 32
362 80
362 53
363 18
363 31
364 16
364 50
365 96
365 83
366 83
366 64
367 77
367 78
368 99
368 44
369 48
369 26
370 53
370 57
371 36
371 38
372 81
372 27
373 50
373 91
374 86
374 17
375 31
375 40
376 66
376 64
377 6
377 66
378 58
378 28
379 83
379 30
380 19
380 82
381 69
381 8
382 20
382 33
383 90
383 60
384 76
384 62
385 75
385 36
386 34
386 15
387 12
387 92
388 25
388 23
389 22
389 12
390 76
390 13
391 42
391 87
392 75
392 16
393 83
393 34
394 89
394 57
395 76
395 44
396 77
396 95
397 43
397 90
398 89
398 7
399 31
399 65
400 9
400 29
401 69
401 86
402 69
402 61
403 32
403 5
404 85
404 25
405 14
405 87
406 8
406 55
407 2
407 71
408 36
408 46
409 29
409 67
410 20
410 29
411 15
411 79
412 7
412 31
413 50
413 69
414 19
414 78
415 55
415 54
416 86
416 93
417 44
417 44
418 64
418 15
419 16
419 65
420 54
420 36
421 41
421 43
422 64
422 80
423 11
423 11
424 15
424 93
425 57
425 53
426 32
426 99
427 92
427 100
428 69
428 44
429 88
429 38
430 96
430 32
431 43
431 20
432 46
432 34
433 72
433 49
434 68
434 85
435 98
435 47
436 50
436 34
437 13
437 92
438 26
438 59
439 48
439 73
440 87
440 25
441 56
441 97
442 57
442 44
443 32
443 18
444 72
444 26
445 3
445 4
446 18
446 32
447 76
447 1
448 6
448 44
449 38
449 49
450 71
450 35
451 95
451 80
452 97
452 85
453 8
453 51
454 88
454 82
455 90
455 83
456 32
456 100
457 97
457 14
458 81
458 74
459 23
459 34
460 2
460 63
461 43
461 94
462 44
462 4
463 21
463 43
464 60
464 82
465 95
465 17
466 76
466 12
467 1
467 94
468 41
468 11
469 81
469 62
470 51
470 51
471 23
471 17
472 74
472 69
473 2
473 43
474 87
474 24
475 78
475 58
476 9
476 4
477 33
477 44
478 41
478 12
479 94
479 91
480 53
480 49
481 67
481 30
482 71
482 88
483 81
483 6
484 91
484 65
485 15
485 35
486 97
486 16
487 37
487 93
488 36
488 98
489 63
489 55
490 52
490 29
491 85
491 53
492 12
492 62
493 10
493 82
494 11
494 42
495 22
495 32
496 88
496 59
497 1
497 9
498 53
498 93
499 39
499 68
500 87
500 80
541033379 85641607 617277842 258979898 23798745
