1000 5
1 11
1 91
1 63
2 84
2 13
2 49
3 75
3 50
3 13
4 39
4 4
4 95
5 25
5 21
5 63
6 76
6 51
6 1
7 98
7 63
7 35
8 94
8 94
8 98
9 72
9 15
9 92
10 43
10 69
10 82
11 62
11 55
11 95
12 21
12 92
12 93
13 39
13 86
13 18
14 33
14 80
14 97
15 34
15 62
15 60
16 93
16 45
16 72
17 23
17 51
17 1
18 100
18 29
18 4
19 57
19 99
19 56
20 22
20 91
20 48
21 57
21 21
21 12
22 37
22 23
22 45
23 52
23 12
23 79
24 68
24 22
24 95
25 79
25 20
25 16
26 48
26 16
26 85
27 93
27 97
27 70
28 34
28 10
28 70
29 93
29 80
29 14
30 13
30 48
30 12
31 55
31 69
31 14
32 58
32 7
32 12
33 9
33 79
33 4
34 44
34 52
34 87
35 94
35 75
35 40
36 74
36 58
36 53
37 47
37 17
37 45
38 49
38 44
38 83
39 74
39 91
39 24
40 96
40 12
40 12
41 82
41 97
41 59
42 83
42 8
42 48
43 41
43 44
43 11
44 26
44 99
44 45
45 59
45 31
45 24
46 31
46 68
46 98
47 95
47 26
47 34
48 78
48 92
48 28
49 6
49 33
49 14
50 47
50 27
50 53
51 57
51 92
51 47
52 78
52 81
52 58
53 44
53 65
53 94
54 73
54 9
54 43
55 45
55 70
55 57
56 95
56 69
56 75
57 15
57 76
57 22
58 72
58 84
58 83
59 55
59 21
59 83
60 97
60 71
60 33
61 9
61 96
61 23
62 53
62 64
62 7
63 3
63 53
63 52
64 73
64 52
64 58
65 37
65 22
65 64
66 89
66 33
66 39
67 40
67 19
67 79
68 54
68 96
68 64
69 24
69 23
69 46
70 30
70 58
70 73
71 35
71 44
71 29
72 95
72 88
72 21
73 98
73 56
73 50
74 63
74 77
74 17
75 3
75 90
75 11
76 27
76 45
76 16
77 33
77 55
77 26
78 91
78 48
78 1
79 43
79 35
79 57
80 39
80 84
80 56
81 52
81 7
81 21
82 78
82 55
82 92
83 28
83 73
83 1
84 80
84 48
84 3
85 34
85 18
85 75
86 31
86 53
86 62
87 53
87 80
87 28
88 64
88 74
88 61
89 66
89 28
89 10
90 46
90 66
90 76
91 87
91 77
91 18
92 7
92 90
92 49
93 80
93 96
93 96
94 16
94 88
94 57
95 42
95 29
95 41
96 66
96 14
96 46
97 73
97 23
97 62
98 45
98 60
98 45
99 54
99 29
99 87
100 79
100 39
100 96
101 13
101 71
101 98
102 77
102 88
102 84
103 97
103 21
103 68
104 99
104 80
104 17
105 44
105 84
105 68
106 75
106 89
106 46
107 34
107 10
107 97
108 81
108 89
108 100
109 97
109 59
109 71
110 75
110 72
110 6
111 74
111 14
111 44
112 52
112 55
112 19
113 42
113 95
113 91
114 30
114 56
114 83
115 53
115 25
115 42
116 20
116 10
116 25
117 51
117 75
117 70
118 43
118 61
118 29
119 8
119 83
119 88
120 27
120 51
120 23
121 68
121 43
121 4
122 54
122 91
122 1
123 94
123 20
123 27
124 71
124 27
124 10
125 94
125 22
125 32
126 14
126 2
126 72
127 67
127 81
127 23
128 73
128 68
128 81
129 98
129 44
129 73
130 27
130 7
130 87
131 71
131 52
131 76
132 6
132 48
132 6
133 94
133 1
133 15
134 72
134 76
134 84
135 32
135 37
135 37
136 78
136 32
136 7
137 48
137 82
137 96
138 15
138 28
138 31
139 94
139 72
139 5
140 77
140 36
140 13
141 18
141 11
141 93
142 86
142 51
142 63
143 73
143 47
143 85
144 23
144 77
144 68
145 66
145 69
145 7
146 21
146 10
146 76
147 17
147 75
147 39
148 11
148 85
148 89
149 49
149 73
149 11
150 7
150 20
150 17
151 52
151 27
151 23
152 46
152 50
152 42
153 23
153 82
153 5
154 65
154 1
154 84
155 72
155 47
155 36
156 26
156 53
156 71
157 7
157 43
157 29
158 1
158 14
158 11
159 41
159 14
159 51
160 92
160 52
160 90
161 50
161 46
161 7
162 6
162 25
162 30
163 55
163 21
163 8
164 95
164 8
164 90
165 13
165 19
165 77
166 62
166 96
166 64
167 11
167 50
167 91
168 71
168 89
168 25
169 34
169 64
169 19
170 64
170 1
170 31
171 56
171 61
171 72
172 9
172 56
172 40
173 56
173 14
173 85
174 85
174 2
174 59
175 52
175 89
175 48
176 67
176 13
176 33
177 66
177 64
177 15
178 84
178 13
178 15
179 3
179 76
179 63
180 33
180 12
180 57
181 6
181 7
181 79
182 82
182 27
182 1
183 24
183 75
183 40
184 67
184 97
184 61
185 92
185 97
185 83
186 26
186 19
186 9
187 75
187 8
187 37
188 71
188 46
188 90
189 73
189 5
189 61
190 75
190 84
190 80
191 31
191 46
191 19
192 11
192 15
192 48
193 10
193 53
193 4
194 70
194 29
194 34
195 80
195 68
195 87
196 71
196 16
196 58
197 81
197 35
197 32
198 66
198 54
198 51
199 49
199 93
199 81
200 13
200 67
200 37
201 67
201 77
201 72
202 18
202 74
202 69
203 93
203 99
203 32
204 92
204 53
204 43
205 97
205 21
205 7
206 82
206 24
206 6
207 26
207 63
207 85
208 71
208 53
208 47
209 20
209 85
209 59
210 73
210 88
210 22
211 91
211 19
211 57
212 100
212 18
212 72
213 73
213 96
213 77
214 26
214 80
214 27
215 7
215 92
215 97
216 82
216 80
216 30
217 41
217 37
217 65
218 29
218 35
218 69
219 92
219 8
219 14
220 39
220 58
220 37
221 55
221 70
221 42
222 25
222 42
222 10
223 79
223 8
223 50
224 7
224 67
224 47
225 42
225 40
225 97
226 18
226 27
226 88
227 41
227 44
227 35
228 94
228 31
228 76
229 8
229 69
229 35
230 91
230 2
230 60
231 4
231 54
231 87
232 54
232 88
232 64
233 77
233 30
233 66
234 97
234 62
234 72
235 95
235 9
235 58
236 71
236 44
236 14
237 83
237 15
237 60
238 5
238 2
238 20
239 99
239 44
239 47
240 75
240 38
240 38
241 70
241 27
241 71
242 2
242 14
242 91
243 53
243 24
243 97
244 36
244 93
244 79
245 23
245 74
245 93
246 71
246 71
246 53
247 75
247 20
247 39
248 42
248 74
248 16
249 95
249 6
249 17
250 34
250 60
250 48
251 22
251 70
251 24
252 26
252 72
252 13
253 33
253 10
253 41
254 97
254 11
254 90
255 63
255 43
255 4
256 91
256 10
256 1
257 47
257 4
257 22
258 5
258 35
258 59
259 91
259 92
259 38
260 67
260 72
260 96
261 43
261 65
261 27
262 100
262 72
262 71
263 1
263 44
263 72
264 24
264 8
264 79
265 22
265 28
265 68
266 77
266 48
266 46
267 60
267 31
267 71
268 84
268 58
268 50
269 100
269 36
269 20
270 36
270 64
270 11
271 99
271 12
271 45
272 30
272 67
272 94
273 72
273 49
273 9
274 66
274 85
274 94
275 38
275 2
275 48
276 16
276 59
276 100
277 78
277 33
277 49
278 90
278 15
278 34
279 36
279 25
279 15
280 43
280 65
280 59
281 36
281 20
281 88
282 81
282 21
282 90
283 94
283 22
283 51
284 52
284 44
284 84
285 25
285 66
285 82
286 80
286 18
286 7
287 39
287 82
287 32
288 55
288 62
288 28
289 69
289 82
289 35
290 50
290 93
290 2
291 59
291 70
291 97
292 72
292 90
292 15
293 39
293 92
293 71
294 86
294 5
294 64
295 9
295 59
295 12
296 58
296 58
296 63
297 4
297 32
297 28
298 97
298 35
298 59
299 82
299 13
299 13
300 22
300 82
300 92
301 12
301 21
301 49
302 55
302 44
302 88
303 15
303 7
303 100
304 60
304 94
304 44
305 76
305 19
305 33
306 52
306 98
306 83
307 22
307 94
307 21
308 95
308 41
308 80
309 36
309 60
309 54
310 25
310 2
310 6
311 61
311 31
311 93
312 25
312 49
312 52
313 21
313 83
313 26
314 35
314 72
314 26
315 66
315 88
315 3
316 22
316 48
316 71
317 52
317 68
317 66
318 62
318 91
318 15
319 86
319 49
319 57
320 4
320 49
320 79
321 1
321 72
321 42
322 94
322 5
322 58
323 93
323 62
323 14
324 87
324 70
324 96
325 61
325 56
325 42
326 90
326 47
326 79
327 39
327 61
327 47
328 70
328 66
328 9
329 75
329 69
329 21
330 1
330 17
330 4
331 18
331 21
331 74
332 65
332 49
332 66
333 37
333 89
333 1
334 50
32211849 53433119 374799972 153721225 963916749
