1000 5
2 99997
3 99994
4 99990
5 99985
6 99979
7 99972
8 99964
9 99955
10 99945
11 99934
12 99922
13 99909
14 99895
15 99880
16 99864
17 99847
18 99829
19 99810
20 99790
21 99769
22 99747
23 99724
24 99700
25 99675
26 99649
27 99622
28 99594
29 99565
30 99535
31 99504
32 99472
33 99439
34 99405
35 99370
36 99334
37 99297
38 99259
39 99220
40 99180
41 99139
42 99097
43 99054
44 99010
45 98965
46 98919
47 98872
48 98824
49 98775
50 98725
51 98674
52 98622
53 98569
54 98515
55 98460
56 98404
57 98347
58 98289
59 98230
60 98170
61 98109
62 98047
63 97984
64 97920
65 97855
66 97789
67 97722
68 97654
69 97585
70 97515
71 97444
72 97372
73 97299
74 97225
75 97150
76 97074
77 96997
78 96919
79 96840
80 96760
81 96679
82 96597
83 96514
84 96430
85 96345
86 96259
87 96172
88 96084
89 95995
90 95905
91 95814
92 95722
93 95629
94 95535
95 95440
96 95344
97 95247
98 95149
99 95050
100 94950
101 94849
102 94747
103 94644
104 94540
105 94435
106 94329
107 94222
108 94114
109 94005
110 93895
111 93784
112 93672
113 93559
114 93445
115 93330
116 93214
117 93097
118 92979
119 92860
120 92740
121 92619
122 92497
123 92374
124 92250
125 92125
126 91999
127 91872
128 91744
129 91615
130 91485
131 91354
132 91222
133 91089
134 90955
135 90820
136 90684
137 90547
138 90409
139 90270
140 90130
141 89989
142 89847
143 89704
144 89560
145 89415
146 89269
147 89122
148 88974
149 88825
150 88675
151 88524
152 88372
153 88219
154 88065
155 87910
156 87754
157 87597
158 87439
159 87280
160 87120
161 86959
162 86797
163 86634
164 86470
165 86305
166 86139
167 85972
168 85804
169 85635
170 85465
171 85294
172 85122
173 84949
174 84775
175 84600
176 84424
177 84247
178 84069
179 83890
180 83710
181 83529
182 83347
183 83164
184 82980
185 82795
186 82609
187 82422
188 82234
189 82045
190 81855
191 81664
192 81472
193 81279
194 81085
195 80890
196 80694
197 80497
198 80299
199 80100
200 79900
201 79699
202 79497
203 79294
204 79090
205 78885
206 78679
207 78472
208 78264
209 78055
210 77845
211 77634
212 77422
213 77209
214 76995
215 76780
216 76564
217 76347
218 76129
219 75910
220 75690
221 75469
222 75247
223 75024
224 74800
225 74575
226 74349
227 74122
228 73894
229 73665
230 73435
231 73204
232 72972
233 72739
234 72505
235 72270
236 72034
237 71797
238 71559
239 71320
240 71080
241 70839
242 70597
243 70354
244 70110
245 69865
246 69619
247 69372
248 69124
249 68875
250 68625
251 68374
252 68122
253 67869
254 67615
255 67360
256 67104
257 66847
258 66589
259 66330
260 66070
261 65809
262 65547
263 65284
264 65020
265 64755
266 64489
267 64222
268 63954
269 63685
270 63415
271 63144
272 62872
273 62599
274 62325
275 62050
276 61774
277 61497
278 61219
279 60940
280 60660
281 60379
282 60097
283 59814
284 59530
285 59245
286 58959
287 58672
288 58384
289 58095
290 57805
291 57514
292 57222
293 56929
294 56635
295 56340
296 56044
297 55747
298 55449
299 55150
300 54850
301 54549
302 54247
303 53944
304 53640
305 53335
306 53029
307 52722
308 52414
309 52105
310 51795
311 51484
312 51172
313 50859
314 50545
315 50230
316 49914
317 49597
318 49279
319 48960
320 48640
321 48319
322 47997
323 47674
324 47350
325 47025
326 46699
327 46372
328 46044
329 45715
330 45385
331 45054
332 44722
333 44389
334 44055
335 43720
336 43384
337 43047
338 42709
339 42370
340 42030
341 41689
342 41347
343 41004
344 40660
345 40315
346 39969
347 39622
348 39274
349 38925
350 38575
351 38224
352 37872
353 37519
354 37165
355 36810
356 36454
357 36097
358 35739
359 35380
360 35020
361 34659
362 34297
363 33934
364 33570
365 33205
366 32839
367 32472
368 32104
369 31735
370 31365
371 30994
372 30622
373 30249
374 29875
375 29500
376 29124
377 28747
378 28369
379 27990
380 27610
381 27229
382 26847
383 26464
384 26080
385 25695
386 25309
387 24922
388 24534
389 24145
390 23755
391 23364
392 22972
393 22579
394 22185
395 21790
396 21394
397 20997
398 20599
399 20200
400 19800
401 19399
402 18997
403 18594
404 18190
405 17785
406 17379
407 16972
408 16564
409 16155
410 15745
411 15334
412 14922
413 14509
414 14095
415 13680
416 13264
417 12847
418 12429
419 12010
420 11590
421 11169
422 10747
423 10324
424 9900
425 9475
426 9049
427 8622
428 8194
429 7765
430 7335
431 6904
432 6472
433 6039
434 5605
435 5170
436 4734
437 4297
438 3859
439 3420
440 2980
441 2539
442 2097
443 1654
444 1210
445 765
446 319
1 1
1 18
1 89
1 78
1 78
1 17
1 85
1 34
1 30
1 56
1 42
1 59
1 29
1 2
1 95
1 60
1 6
1 81
1 19
1 21
1 73
1 6
1 37
1 98
1 84
1 80
1 10
1 37
1 46
1 90
1 41
1 61
1 91
1 84
1 86
1 53
1 93
1 60
1 14
1 89
1 56
1 63
1 47
1 7
1 15
1 34
1 61
1 85
1 67
1 2
1 3
1 91
1 38
1 11
1 86
1 46
1 91
1 73
1 49
1 14
1 19
1 46
1 73
1 59
1 94
1 57
1 57
1 70
1 91
1 27
1 6
1 8
1 30
1 94
1 5
1 47
1 82
1 33
1 98
1 71
1 83
1 30
1 83
1 60
1 6
1 93
1 24
1 35
1 4
1 11
1 21
1 39
1 71
1 96
1 17
1 95
1 92
1 45
1 99
1 18
1 68
1 17
1 34
1 24
1 100
1 42
1 60
1 74
1 53
1 29
1 19
1 24
1 16
1 85
1 54
1 71
1 42
1 32
1 20
1 31
1 35
1 41
1 65
1 10
1 59
1 9
1 63
1 80
1 7
1 69
1 30
1 91
1 34
1 56
1 3
1 88
1 96
1 41
1 13
1 87
1 72
1 76
1 6
1 99
1 31
1 45
1 84
1 10
1 88
1 4
1 14
1 17
1 83
1 84
1 53
1 22
1 35
1 42
1 59
1 6
1 11
1 38
1 69
1 97
1 48
1 64
1 20
1 7
1 99
1 32
1 45
1 41
1 9
1 19
1 83
1 100
1 91
1 45
1 87
1 7
1 21
1 10
1 39
1 82
1 81
1 25
1 48
1 25
1 81
1 39
1 97
1 43
1 13
1 22
1 10
1 48
1 49
1 88
1 89
1 89
1 32
1 82
1 27
1 68
1 78
1 91
1 43
1 69
1 95
1 70
1 13
1 53
1 45
1 45
1 42
1 96
1 14
1 52
1 9
1 98
1 57
1 10
1 2
1 81
1 60
1 59
1 38
1 75
1 47
1 17
1 8
1 78
1 79
1 44
1 22
1 19
1 41
1 78
1 1
1 69
1 23
1 82
1 30
1 54
1 51
1 6
1 35
1 71
1 4
1 32
1 31
1 22
1 86
1 31
1 98
1 15
1 49
1 58
1 70
1 92
1 59
1 13
1 26
1 13
1 25
1 75
1 36
1 99
1 98
1 99
1 7
1 51
1 13
1 63
1 64
1 78
1 27
1 74
1 38
1 26
1 1
1 55
1 96
1 82
1 95
1 81
1 88
1 82
1 76
1 74
1 67
1 1
1 38
1 83
1 89
1 21
1 80
1 2
1 49
1 91
1 17
1 75
1 96
1 91
1 24
1 48
1 70
1 61
1 2
1 64
1 4
1 25
1 12
1 43
1 79
1 60
1 24
1 14
1 97
1 41
1 2
1 65
1 6
1 22
1 66
1 9
1 86
1 21
1 20
1 88
1 98
1 27
1 1
1 67
1 65
1 57
1 86
1 92
1 42
1 64
1 23
1 17
1 21
1 53
1 81
1 12
1 99
1 97
1 45
1 80
1 93
1 85
1 21
1 92
1 19
1 66
1 30
1 37
1 35
1 58
1 54
1 7
1 70
1 79
1 21
1 22
1 71
1 33
1 85
1 80
1 37
1 3
1 44
1 79
1 96
1 46
1 10
1 22
1 74
1 90
1 75
1 1
1 29
1 94
1 47
1 89
1 79
1 97
1 39
1 19
1 12
1 16
1 59
1 91
1 52
1 43
1 96
1 53
1 6
1 7
1 31
1 69
1 97
1 64
1 95
1 24
1 22
1 64
1 56
1 3
1 3
1 18
1 10
1 46
1 96
1 1
1 98
1 22
1 4
1 71
1 79
1 38
1 75
1 23
1 97
1 71
1 88
1 69
1 30
1 29
1 4
1 46
1 32
1 48
1 70
1 27
1 18
1 38
1 30
1 36
1 10
1 34
1 60
1 13
1 56
1 18
1 29
1 29
1 26
1 32
1 16
1 1
1 29
1 58
1 24
1 57
1 49
1 92
1 91
1 32
1 85
1 24
1 69
1 24
1 73
1 62
1 15
1 36
1 23
1 85
1 2
1 30
1 17
1 84
1 87
1 72
1 17
1 36
1 71
1 60
1 12
1 89
1 87
1 8
1 97
1 15
1 47
1 49
1 44
1 32
1 48
1 80
1 65
1 47
1 13
1 84
1 52
1 39
1 17
1 59
1 15
1 54
1 31
1 83
1 81
1 82
1 87
1 16
1 40
1 25
1 85
1 82
1 10
1 8
1 41
1 30
1 89
1 76
1 70
1 56
1 42
1 89
1 51
1 82
1 13
1 75
1 57
1 61
1 38
1 68
1 59
1 64
1 91
1 97
1 14
1 31
1 58
1 56
1 12
1 98
1 50
1 20
1 5
1 62
1 41
1 81
1 22
1 59
1 68
1 89
1 41
1 83
1 80
1 3
1 65
284603303 408354875 120473994 959943702 146274498
