1000 5
2 16
2 28
2 44
2 100
2 85
2 46
2 89
2 65
2 19
2 21
2 74
2 63
2 6
2 53
2 96
2 11
2 44
2 76
2 43
2 12
2 88
2 98
2 96
2 10
2 22
2 85
2 79
2 12
2 81
2 93
2 30
2 48
2 97
3 26
3 49
3 41
3 17
3 32
3 71
3 67
3 5
3 56
3 71
3 41
3 34
3 6
3 19
3 20
3 63
3 17
3 7
3 54
3 100
3 39
4 37
4 27
4 80
4 18
4 3
4 35
4 23
4 99
4 23
4 61
4 74
4 14
4 57
4 3
4 78
4 80
4 61
5 35
5 89
5 79
5 71
5 68
5 41
5 55
5 21
5 9
5 21
5 54
5 83
5 36
5 29
5 20
6 57
6 71
6 83
6 11
6 18
6 44
6 28
6 84
6 96
6 47
6 65
6 66
6 7
7 25
7 6
7 66
7 3
7 39
7 56
7 22
7 52
7 82
7 7
7 20
7 1
8 85
8 38
8 68
8 24
8 100
8 54
8 87
8 53
8 100
8 39
8 96
9 22
9 37
9 90
9 46
9 17
9 67
9 37
9 2
9 90
9 91
9 56
10 53
10 79
10 58
10 97
10 41
10 1
10 92
10 96
10 15
10 31
11 14
11 52
11 88
11 87
11 21
11 66
11 27
11 97
11 59
11 20
12 94
12 69
12 17
12 38
12 10
12 46
12 22
12 54
12 69
12 2
13 55
13 20
13 97
13 9
13 18
13 44
13 54
13 11
13 31
14 69
14 34
14 32
14 80
14 82
14 85
14 59
14 65
14 100
15 30
15 27
15 100
15 9
15 7
15 77
15 86
15 80
15 8
16 18
16 26
16 32
16 11
16 50
16 84
16 77
16 60
16 62
17 67
17 48
17 72
17 62
17 41
17 81
17 11
17 20
17 59
18 51
18 6
18 34
18 24
18 84
18 56
18 95
18 36
19 19
19 68
19 71
19 67
19 40
19 7
19 96
19 19
20 89
20 49
20 8
20 41
20 32
20 59
20 15
20 68
21 57
21 86
21 79
21 100
21 33
21 88
21 24
21 81
22 4
22 90
22 86
22 83
22 6
22 46
22 56
22 66
23 50
23 65
23 52
23 91
23 16
23 47
23 8
23 93
24 58
24 39
24 85
24 80
24 49
24 4
24 80
24 5
25 14
25 88
25 90
25 11
25 55
25 58
25 76
25 42
26 22
26 91
26 51
26 3
26 5
26 98
26 51
27 30
27 71
27 87
27 85
27 63
27 99
27 46
28 33
28 5
28 92
28 55
28 41
28 74
28 45
29 94
29 60
29 96
29 96
29 11
29 53
29 100
30 51
30 92
30 55
30 81
30 32
30 5
30 30
31 25
31 24
31 24
31 49
31 12
31 51
31 31
32 75
32 15
32 94
32 61
32 70
32 33
32 9
33 100
33 44
33 11
33 80
33 89
33 6
33 39
34 50
34 35
34 55
34 8
34 18
34 30
34 61
35 47
35 11
35 88
35 68
35 2
35 79
35 8
36 97
36 20
36 26
36 59
36 89
36 91
36 72
37 20
37 95
37 7
37 36
37 89
37 18
37 27
38 60
38 84
38 43
38 82
38 55
38 95
38 60
39 86
39 70
39 49
39 78
39 88
39 38
39 83
40 39
40 14
40 43
40 25
40 52
40 30
40 25
41 6
41 74
41 86
41 93
41 98
41 66
41 49
42 82
42 80
42 69
42 54
42 57
42 37
42 40
43 55
43 12
43 54
43 46
43 96
43 61
43 30
44 19
44 85
44 61
44 37
44 6
44 93
44 35
45 76
45 41
45 37
45 13
45 5
45 7
46 60
46 60
46 3
46 18
46 52
46 67
47 30
47 12
47 3
47 94
47 35
47 28
48 11
48 11
48 67
48 64
48 94
48 27
49 2
49 84
49 55
49 79
49 94
49 89
50 31
50 66
50 49
50 46
50 26
50 6
51 33
51 71
51 68
51 26
51 43
51 78
52 65
52 33
52 44
52 5
52 91
52 1
53 67
53 12
53 66
53 10
53 64
53 91
54 45
54 20
54 38
54 66
54 33
54 8
55 64
55 61
55 50
55 42
55 54
55 66
56 69
56 58
56 70
56 21
56 93
56 95
57 30
57 52
57 62
57 93
57 6
57 93
58 25
58 51
58 67
58 88
58 55
58 11
59 4
59 36
59 99
59 68
59 66
59 83
60 30
60 2
60 8
60 18
60 66
1 8
1 5
1 8
1 5
1 1
1 4
1 6
1 5
1 9
1 9
1 2
1 5
1 7
1 5
1 1
1 6
1 2
1 10
1 9
1 8
1 5
1 5
1 1
1 2
1 1
1 7
1 3
1 4
1 5
1 6
1 8
1 8
1 8
1 8
1 10
1 5
1 8
1 10
1 5
1 7
1 7
1 8
1 9
1 8
1 1
1 4
1 9
1 7
1 7
1 8
1 2
1 1
1 2
1 8
1 7
1 2
1 9
1 8
1 2
1 6
1 7
1 10
1 8
1 1
1 7
1 7
1 2
1 5
1 8
1 9
1 9
1 1
1 4
1 8
1 9
1 1
1 10
1 7
1 9
1 9
1 9
1 9
1 5
1 1
1 9
1 6
1 8
1 2
1 7
1 1
1 8
1 5
1 8
1 5
1 7
1 6
1 6
1 9
1 1
1 1
1 8
1 4
1 8
1 2
1 10
1 6
1 10
1 2
1 7
1 9
1 10
1 6
1 10
1 4
1 8
1 6
1 5
1 9
1 4
1 9
1 3
1 8
1 1
1 2
1 10
1 8
1 9
1 6
1 7
1 10
1 2
1 3
1 3
1 1
1 10
1 5
1 1
1 10
1 4
1 5
1 2
1 9
1 4
1 2
1 6
1 6
1 1
1 3
1 5
1 4
1 4
1 6
1 1
1 6
1 7
1 2
1 7
1 4
1 3
1 9
1 1
1 1
1 8
1 1
1 2
1 7
1 10
1 7
1 8
1 4
1 8
1 7
1 7
1 8
1 7
1 4
1 6
1 7
1 5
1 10
1 8
1 5
1 4
1 1
1 3
1 6
1 10
1 2
1 3
1 8
1 6
1 4
1 5
1 7
1 3
1 1
1 7
1 7
1 10
1 7
1 7
1 7
1 4
1 6
1 6
1 10
1 9
1 1
1 6
1 1
1 2
1 6
1 7
1 6
1 6
1 5
1 4
1 2
1 8
1 4
1 3
1 4
1 10
1 8
1 3
1 9
1 5
1 7
1 7
1 4
1 2
1 9
1 7
1 1
1 5
1 8
1 5
1 10
1 2
1 4
1 6
1 6
1 7
1 6
1 4
1 2
1 7
1 2
1 2
1 7
1 4
1 6
1 4
1 1
1 2
1 6
1 4
1 7
1 9
1 7
1 10
1 10
1 10
1 7
1 7
1 1
1 6
1 10
1 1
1 6
1 3
1 10
1 10
1 8
1 1
1 9
1 8
1 4
1 2
1 10
1 6
1 8
1 1
1 2
1 2
1 9
1 2
1 10
1 5
1 3
1 8
1 1
1 2
1 1
1 8
1 7
1 7
1 10
1 2
1 5
1 9
1 4
1 2
1 2
1 2
1 10
1 5
1 2
1 1
1 9
1 8
1 10
1 3
1 1
1 2
1 4
1 6
1 5
1 8
1 4
1 7
1 7
1 7
1 10
1 7
1 9
1 2
1 8
1 4
1 3
1 6
1 6
1 1
1 3
1 5
1 4
1 6
1 9
1 10
1 2
1 6
1 10
1 7
1 7
1 4
1 10
1 10
1 4
1 7
1 8
1 5
1 4
1 5
1 9
1 1
1 7
1 9
1 7
1 10
1 7
1 8
1 9
1 2
1 4
1 9
1 10
1 5
1 3
1 5
1 9
1 5
1 7
1 4
1 6
1 1
1 3
1 1
1 8
1 2
1 10
1 4
1 7
1 8
1 5
1 5
1 2
1 8
1 5
1 8
1 3
1 1
1 9
1 5
1 4
1 6
1 8
1 9
1 5
1 8
1 7
1 1
1 8
1 3
1 8
1 3
1 10
1 10
1 10
1 8
1 8
1 7
1 6
1 5
1 8
1 1
1 7
1 10
1 4
1 6
1 5
1 6
1 5
1 2
1 4
1 9
1 6
1 5
1 4
1 10
1 1
1 3
1 2
1 6
1 4
1 2
1 1
1 9
1 7
1 10
1 6
1 3
1 2
1 4
1 4
1 8
1 8
1 6
1 5
1 9
1 10
1 8
1 10
1 6
1 2
1 2
1 7
1 9
1 9
1 5
1 9
1 1
1 8
1 8
1 9
1 10
1 7
1 7
1 1
1 6
1 9
1 1
1 1
1 7
1 4
1 6
1 8
1 3
1 5
1 1
1 9
1 10
1 2
1 10
1 9
1 2
1 4
1 2
1 1
1 8
1 6
1 7
1 10
1 6
1 7
1 2
1 7
1 10
1 2
1 7
1 1
82115 77727 38 9884257 32720830
