1000 5
2 37
2 35
2 62
2 84
2 69
2 98
2 50
2 13
2 99
2 19
2 42
2 84
2 19
2 3
2 42
2 61
2 16
2 46
2 66
2 26
2 28
2 21
2 16
2 74
2 82
2 29
2 79
2 87
2 15
2 24
2 62
2 26
2 94
3 48
3 53
3 21
3 7
3 4
3 26
3 23
3 85
3 81
3 18
3 32
3 58
3 57
3 15
3 50
3 89
3 80
3 38
3 93
3 35
3 26
4 92
4 3
4 14
4 69
4 54
4 70
4 72
4 99
4 34
4 45
4 48
4 71
4 94
4 44
4 62
4 65
4 98
5 73
5 55
5 21
5 76
5 37
5 82
5 24
5 91
5 45
5 11
5 64
5 93
5 11
5 89
5 42
6 8
6 97
6 16
6 8
6 55
6 2
6 91
6 3
6 49
6 74
6 21
6 67
6 48
7 53
7 14
7 43
7 95
7 79
7 50
7 71
7 34
7 71
7 36
7 56
7 40
8 76
8 73
8 29
8 83
8 40
8 14
8 22
8 3
8 58
8 59
8 97
9 38
9 90
9 3
9 62
9 19
9 71
9 7
9 1
9 42
9 8
9 34
10 24
10 4
10 1
10 91
10 83
10 56
10 31
10 23
10 90
10 9
11 66
11 20
11 55
11 60
11 66
11 21
11 29
11 24
11 86
11 64
12 38
12 81
12 39
12 39
12 48
12 96
12 33
12 8
12 62
12 78
13 54
13 13
13 13
13 9
13 37
13 9
13 76
13 71
13 67
14 42
14 6
14 10
14 43
14 54
14 66
14 7
14 34
14 16
15 4
15 47
15 56
15 23
15 50
15 88
15 26
15 42
15 19
16 69
16 52
16 47
16 6
16 59
16 26
16 19
16 19
16 30
17 91
17 30
17 65
17 23
17 55
17 47
17 4
17 26
17 39
18 2
18 23
18 8
18 82
18 71
18 72
18 54
18 6
19 40
19 86
19 88
19 61
19 13
19 17
19 61
19 27
20 17
20 65
20 22
20 34
20 64
20 91
20 83
20 100
21 37
21 9
21 93
21 75
21 42
21 85
21 98
21 28
22 76
22 40
22 52
22 64
22 33
22 2
22 71
22 8
23 52
23 57
23 30
23 53
23 47
23 29
23 26
23 15
24 83
24 24
24 20
24 22
24 34
24 2
24 67
24 74
25 35
25 38
25 7
25 19
25 2
25 22
25 63
25 48
26 26
26 40
26 21
26 19
26 54
26 100
26 61
27 57
27 12
27 45
27 37
27 39
27 97
27 25
28 71
28 9
28 45
28 94
28 52
28 53
28 75
29 37
29 52
29 5
29 97
29 3
29 100
29 84
30 23
30 33
30 10
30 98
30 18
30 41
30 32
31 78
31 76
31 19
31 5
31 80
31 72
31 79
32 83
32 99
32 81
32 16
32 24
32 31
32 8
33 60
33 71
33 69
33 32
33 89
33 77
33 38
34 34
34 78
34 81
34 66
34 28
34 8
34 7
35 31
35 75
35 87
35 91
35 85
35 2
35 11
36 70
36 32
36 56
36 22
36 56
36 71
36 30
37 26
37 87
37 53
37 81
37 48
37 26
37 7
38 100
38 82
38 32
38 27
38 15
38 77
38 45
39 41
39 6
39 61
39 26
39 45
39 35
39 49
40 14
40 8
40 42
40 33
40 88
40 27
40 63
41 31
41 77
41 17
41 96
41 17
41 74
41 81
42 44
42 89
42 68
42 86
42 55
42 57
42 45
43 70
43 81
43 32
43 95
43 100
43 42
43 29
44 34
44 49
44 9
44 65
44 19
44 2
44 17
45 32
45 34
45 45
45 54
45 4
45 53
46 73
46 50
46 33
46 25
46 53
46 5
47 55
47 56
47 55
47 20
47 80
47 26
48 55
48 65
48 1
48 24
48 74
48 10
49 23
49 73
49 13
49 58
49 97
49 42
50 98
50 50
50 16
50 53
50 18
50 97
51 55
51 10
51 44
51 98
51 70
51 93
52 92
52 38
52 30
52 99
52 80
52 76
53 42
53 2
53 100
53 93
53 75
53 51
54 22
54 39
54 70
54 67
54 24
54 55
55 34
55 26
55 98
55 45
55 39
55 80
56 66
56 61
56 5
56 14
56 66
56 94
57 55
57 25
57 42
57 93
57 1
57 5
58 79
58 54
58 16
58 76
58 77
58 46
59 17
59 27
59 10
59 38
59 62
59 23
60 26
60 59
60 91
60 45
60 9
1 23
1 28
1 70
1 86
1 69
1 47
1 33
1 10
1 57
1 11
1 26
1 55
1 90
1 82
1 7
1 17
1 91
1 92
1 82
1 3
1 80
1 35
1 87
1 73
1 54
1 59
1 88
1 35
1 2
1 85
1 85
1 27
1 42
1 43
1 58
1 46
1 71
1 93
1 97
1 34
1 15
1 67
1 61
1 77
1 69
1 81
1 6
1 13
1 43
1 92
1 99
1 73
1 32
1 71
1 83
1 76
1 21
1 22
1 51
1 52
1 39
1 9
1 16
1 17
1 55
1 3
1 79
1 72
1 98
1 88
1 69
1 92
1 90
1 38
1 90
1 4
1 77
1 99
1 60
1 100
1 80
1 76
1 47
1 66
1 38
1 15
1 2
1 11
1 64
1 69
1 62
1 16
1 19
1 86
1 33
1 32
1 55
1 78
1 40
1 66
1 83
1 36
1 37
1 3
1 96
1 49
1 40
1 51
1 69
1 62
1 22
1 48
1 97
1 15
1 31
1 55
1 11
1 35
1 89
1 20
1 50
1 1
1 36
1 98
1 92
1 15
1 43
1 56
1 71
1 7
1 19
1 11
1 48
1 8
1 50
1 75
1 23
1 84
1 80
1 41
1 65
1 73
1 91
1 49
1 77
1 13
1 26
1 96
1 47
1 12
1 75
1 5
1 86
1 92
1 41
1 49
1 51
1 29
1 70
1 15
1 81
1 25
1 5
1 43
1 63
1 76
1 53
1 52
1 97
1 38
1 42
1 88
1 25
1 31
1 11
1 92
1 93
1 79
1 77
1 28
1 7
1 95
1 57
1 45
1 39
1 64
1 30
1 12
1 10
1 95
1 39
1 33
1 44
1 33
1 79
1 39
1 26
1 83
1 86
1 69
1 34
1 13
1 50
1 44
1 15
1 20
1 89
1 30
1 5
1 95
1 89
1 88
1 44
1 83
1 64
1 46
1 3
1 31
1 97
1 93
1 72
1 58
1 40
1 71
1 52
1 100
1 18
1 11
1 18
1 80
1 59
1 90
1 11
1 88
1 74
1 78
1 85
1 40
1 69
1 7
1 49
1 62
1 20
1 32
1 58
1 21
1 86
1 72
1 41
1 49
1 33
1 79
1 45
1 96
1 21
1 73
1 93
1 71
1 36
1 29
1 41
1 13
1 48
1 5
1 36
1 48
1 22
1 92
1 78
1 40
1 8
1 95
1 41
1 55
1 90
1 50
1 31
1 84
1 45
1 36
1 76
1 95
1 36
1 25
1 34
1 22
1 62
1 3
1 50
1 88
1 29
1 48
1 5
1 23
1 15
1 59
1 89
1 54
1 74
1 9
1 18
1 88
1 93
1 29
1 45
1 51
1 60
1 74
1 24
1 27
1 22
1 70
1 18
1 75
1 43
1 92
1 25
1 36
1 39
1 22
1 21
1 30
1 91
1 47
1 80
1 52
1 98
1 37
1 68
1 83
1 92
1 58
1 66
1 4
1 21
1 33
1 11
1 66
1 73
1 50
1 19
1 15
1 6
1 84
1 66
1 67
1 40
1 98
1 48
1 34
1 5
1 21
1 32
1 86
1 56
1 82
1 95
1 2
1 84
1 44
1 38
1 40
1 2
1 9
1 73
1 64
1 26
1 17
1 7
1 25
1 10
1 14
1 71
1 55
1 63
1 19
1 94
1 62
1 76
1 7
1 24
1 90
1 89
1 90
1 90
1 34
1 88
1 55
1 6
1 12
1 33
1 26
1 70
1 69
1 6
1 55
1 89
1 3
1 94
1 41
1 80
1 19
1 54
1 67
1 91
1 83
1 96
1 57
1 98
1 92
1 15
1 8
1 29
1 7
1 69
1 52
1 90
1 15
1 87
1 79
1 44
1 8
1 47
1 17
1 10
1 11
1 12
1 82
1 46
1 86
1 48
1 64
1 11
1 59
1 21
1 34
1 75
1 37
1 11
1 78
1 39
1 55
1 41
1 53
1 16
1 2
1 7
1 48
1 25
1 7
1 60
1 94
1 86
1 75
1 38
1 47
1 90
1 63
1 39
1 45
1 85
1 15
1 51
1 91
1 32
1 31
1 22
1 87
1 18
1 14
1 58
1 31
1 83
1 30
1 78
1 40
1 19
1 88
1 97
1 29
1 35
1 52
1 60
1 78
1 30
1 37
1 26
1 42
1 81
1 26
1 59
1 88
1 44
1 5
1 29
1 40
1 68
1 80
1 61
1 45
304 22 18 431383531 998803997
