1000 5
2 15
2 57
2 13
2 60
2 94
2 36
2 88
2 36
2 51
2 53
2 22
2 31
2 78
2 30
2 74
2 7
2 96
2 97
2 27
2 47
2 11
2 65
2 25
2 3
2 99
2 80
2 44
2 22
2 26
2 53
2 29
2 82
2 67
3 96
3 97
3 94
3 53
3 27
3 62
3 33
3 87
3 91
3 9
3 80
3 72
3 42
3 29
3 78
3 32
3 30
3 13
3 72
3 15
3 42
4 54
4 12
4 71
4 11
4 60
4 56
4 84
4 30
4 37
4 36
4 18
4 98
4 79
4 82
4 62
4 31
4 81
5 77
5 92
5 24
5 9
5 17
5 95
5 53
5 33
5 30
5 6
5 49
5 40
5 76
5 91
5 46
6 31
6 88
6 65
6 93
6 72
6 40
6 73
6 43
6 60
6 48
6 15
6 44
6 59
7 19
7 78
7 9
7 18
7 85
7 68
7 78
7 37
7 63
7 74
7 63
7 95
8 77
8 93
8 72
8 30
8 20
8 16
8 39
8 96
8 29
8 66
8 92
9 86
9 12
9 25
9 45
9 40
9 73
9 13
9 42
9 10
9 82
9 21
10 20
10 28
10 50
10 83
10 98
10 16
10 47
10 18
10 19
10 100
11 17
11 64
11 27
11 45
11 10
11 45
11 33
11 48
11 64
11 54
12 73
12 90
12 98
12 63
12 25
12 39
12 65
12 62
12 42
12 99
13 66
13 65
13 76
13 82
13 21
13 45
13 97
13 86
13 55
14 97
14 69
14 4
14 47
14 17
14 90
14 37
14 55
14 63
15 35
15 67
15 31
15 29
15 55
15 23
15 25
15 22
15 44
16 10
16 57
16 45
16 25
16 43
16 96
16 84
16 44
16 81
17 54
17 17
17 1
17 2
17 49
17 67
17 75
17 13
17 58
18 21
18 13
18 33
18 17
18 59
18 10
18 32
18 34
19 79
19 50
19 100
19 49
19 46
19 11
19 94
19 76
20 55
20 80
20 97
20 34
20 49
20 9
20 34
20 99
21 64
21 86
21 85
21 88
21 22
21 13
21 80
21 76
22 94
22 1
22 80
22 77
22 98
22 36
22 34
22 30
23 32
23 33
23 31
23 16
23 25
23 2
23 24
23 29
24 36
24 9
24 67
24 63
24 64
24 83
24 43
24 42
25 31
25 40
25 32
25 96
25 82
25 1
25 43
25 2
26 38
26 93
26 100
26 50
26 7
26 41
26 46
27 63
27 22
27 89
27 55
27 4
27 18
27 77
28 88
28 84
28 85
28 5
28 50
28 75
28 35
29 78
29 34
29 2
29 100
29 37
29 72
29 59
30 26
30 3
30 84
30 96
30 15
30 84
30 75
31 8
31 64
31 82
31 60
31 5
31 15
31 44
32 82
32 62
32 7
32 91
32 30
32 7
32 58
33 11
33 41
33 90
33 79
33 73
33 91
33 91
34 66
34 13
34 5
34 83
34 40
34 58
34 1
35 28
35 88
35 16
35 5
35 22
35 11
35 59
36 45
36 16
36 45
36 17
36 40
36 81
36 61
37 23
37 23
37 76
37 35
37 17
37 43
37 20
38 15
38 86
38 98
38 56
38 47
38 16
38 48
39 45
39 90
39 58
39 6
39 61
39 4
39 83
40 39
40 18
40 47
40 96
40 49
40 38
40 20
41 77
41 21
41 71
41 86
41 34
41 50
41 42
42 27
42 81
42 29
42 60
42 46
42 45
42 42
43 44
43 38
43 87
43 60
43 86
43 31
43 66
44 64
44 34
44 55
44 48
44 53
44 90
44 61
45 88
45 7
45 80
45 99
45 19
45 100
46 21
46 9
46 16
46 64
46 82
46 79
47 11
47 4
47 63
47 100
47 19
47 19
48 71
48 35
48 7
48 60
48 87
48 7
49 83
49 5
49 78
49 93
49 48
49 51
50 7
50 77
50 71
50 13
50 7
50 43
51 16
51 28
51 13
51 2
51 39
51 25
52 35
52 15
52 26
52 13
52 47
52 90
53 6
53 89
53 64
53 41
53 97
53 48
54 52
54 75
54 73
54 66
54 15
54 71
55 82
55 18
55 18
55 30
55 17
55 32
56 62
56 3
56 25
56 91
56 22
56 12
57 87
57 69
57 86
57 57
57 68
57 7
58 72
58 13
58 94
58 86
58 75
58 6
59 80
59 89
59 6
59 5
59 51
59 17
60 32
60 73
60 93
60 25
60 55
1 341
1 956
1 538
1 206
1 685
1 916
1 359
1 867
1 937
1 194
1 240
1 380
1 758
1 696
1 627
1 429
1 718
1 577
1 639
1 880
1 618
1 380
1 464
1 559
1 333
1 643
1 896
1 623
1 975
1 234
1 553
1 304
1 74
1 546
1 780
1 65
1 514
1 363
1 961
1 738
1 116
1 692
1 275
1 460
1 783
1 948
1 908
1 552
1 380
1 753
1 383
1 118
1 278
1 426
1 744
1 618
1 55
1 580
1 936
1 777
1 169
1 688
1 721
1 737
1 798
1 643
1 590
1 368
1 686
1 547
1 957
1 370
1 914
1 490
1 119
1 344
1 219
1 534
1 507
1 386
1 436
1 844
1 187
1 564
1 858
1 744
1 129
1 651
1 850
1 167
1 536
1 886
1 382
1 92
1 439
1 420
1 106
1 500
1 648
1 403
1 896
1 233
1 799
1 960
1 41
1 861
1 917
1 436
1 384
1 332
1 737
1 993
1 200
1 494
1 444
1 117
1 402
1 712
1 305
1 914
1 938
1 892
1 943
1 808
1 466
1 613
1 982
1 287
1 10
1 449
1 905
1 462
1 698
1 161
1 997
1 569
1 810
1 786
1 342
1 518
1 99
1 627
1 668
1 300
1 284
1 514
1 364
1 381
1 897
1 128
1 999
1 79
1 826
1 736
1 301
1 791
1 553
1 398
1 520
1 645
1 710
1 826
1 218
1 174
1 383
1 236
1 836
1 426
1 990
1 865
1 549
1 266
1 40
1 251
1 10
1 520
1 272
1 488
1 923
1 255
1 858
1 174
1 244
1 254
1 605
1 785
1 280
1 280
1 81
1 957
1 636
1 634
1 534
1 903
1 688
1 461
1 119
1 133
1 684
1 205
1 452
1 355
1 631
1 198
1 103
1 768
1 984
1 113
1 859
1 156
1 352
1 180
1 224
1 832
1 799
1 620
1 202
1 961
1 164
1 800
1 549
1 932
1 225
1 105
1 141
1 30
1 823
1 979
1 349
1 399
1 556
1 716
1 287
1 155
1 830
1 34
1 225
1 237
1 480
1 802
1 672
1 876
1 755
1 655
1 220
1 213
1 586
1 493
1 711
1 240
1 320
1 620
1 951
1 608
1 383
1 233
1 596
1 313
1 694
1 334
1 674
1 128
1 591
1 189
1 272
1 518
1 778
1 924
1 951
1 810
1 409
1 970
1 62
1 589
1 658
1 669
1 382
1 885
1 204
1 530
1 521
1 373
1 248
1 621
1 466
1 995
1 534
1 98
1 74
1 884
1 525
1 430
1 231
1 780
1 287
1 222
1 630
1 752
1 820
1 245
1 863
1 260
1 223
1 221
1 230
1 946
1 647
1 344
1 928
1 225
1 758
1 813
1 478
1 238
1 302
1 337
1 148
1 599
1 792
1 904
1 357
1 368
1 961
1 127
1 979
1 695
1 982
1 772
1 192
1 555
1 599
1 721
1 671
1 537
1 518
1 590
1 275
1 941
1 912
1 679
1 677
1 411
1 17
1 861
1 754
1 557
1 318
1 951
1 485
1 20
1 179
1 547
1 288
1 450
1 163
1 203
1 365
1 976
1 79
1 563
1 264
1 893
1 936
1 5
1 104
1 869
1 280
1 396
1 416
1 28
1 336
1 13
1 820
1 53
1 514
1 588
1 779
1 851
1 121
1 6
1 724
1 210
1 334
1 304
1 377
1 254
1 403
1 371
1 365
1 16
1 885
1 957
1 209
1 821
1 479
1 745
1 159
1 758
1 39
1 561
1 766
1 519
1 82
1 34
1 851
1 669
1 53
1 622
1 430
1 789
1 609
1 804
1 480
1 426
1 788
1 747
1 206
1 482
1 454
1 370
1 547
1 90
1 108
1 830
1 983
1 526
1 28
1 938
1 496
1 288
1 730
1 876
1 691
1 526
1 584
1 317
1 909
1 834
1 944
1 830
1 148
1 679
1 621
1 601
1 70
1 147
1 421
1 200
1 134
1 942
1 798
1 793
1 587
1 436
1 749
1 866
1 107
1 360
1 130
1 529
1 432
1 145
1 997
1 642
1 619
1 12
1 695
1 571
1 89
1 932
1 534
1 990
1 461
1 789
1 564
1 584
1 807
1 103
1 647
1 575
1 405
1 896
1 688
1 575
1 519
1 735
1 107
1 902
1 477
1 741
1 155
1 901
1 59
1 500
1 597
1 238
1 448
1 556
1 489
1 584
1563867 1353 3469503147 1074 175597
